1 2
1 3
2 4
2 5
2 6
5 6
2 7
3 7
5 7
6 7
2 8
2 9
2 10
3 11
5 11
3 12
3 13
12 13
3 14
15 16
15 17
15 18
15 19
15 20
15 21
18 21
15 22
15 23
16 24
17 24
16 25
16 26
17 27
17 28
18 28
19 28
17 29
23 29
13 30
17 30
17 31
17 32
17 33
17 34
17 35
17 36
10 37
17 37
17 38
17 39
17 40
36 40
17 41
19 41
23 41
28 41
17 42
19 42
17 43
24 43
36 43
17 44
38 44
17 45
24 45
36 45
17 46
17 47
36 47
17 48
17 49
17 50
17 51
17 52
31 52
17 53
17 54
21 54
28 54
17 55
17 56
17 57
17 58
17 59
23 59
17 60
17 61
17 62
17 63
21 63
18 64
31 64
38 64
51 64
18 65
31 65
18 66
31 66
51 66
18 67
31 67
51 67
9 68
18 68
51 68
63 68
18 69
31 69
51 69
18 70
65 70
18 71
31 71
51 71
54 71
18 72
51 72
18 73
28 73
31 73
51 73
18 74
31 74
51 74
14 76
75 76
75 77
75 78
28 79
76 79
76 80
76 81
14 82
76 82
81 82
14 83
21 83
76 83
82 83
31 84
76 84
81 84
25 85
76 85
81 85
82 85
76 86
82 86
85 86
76 87
82 87
85 87
14 88
76 88
85 88
76 89
76 90
82 90
85 90
88 90
14 91
34 91
76 91
82 91
85 91
88 91
92 93
92 94
67 95
92 95
93 96
93 97
89 98
93 98
93 99
93 100
99 100
93 101
100 101
27 102
39 102
94 102
94 103
104 105
104 106
20 107
104 107
54 108
104 108
105 108
104 109
28 110
97 110
104 110
102 111
54 113
84 113
112 113
112 114
112 115
112 116
21 117
112 117
21 118
29 118
59 118
97 118
112 118
27 119
43 119
120 121
120 122
120 123
7 124
64 125
124 125
124 126
38 127
124 127
24 128
114 128
125 128
107 129
125 129
127 129
82 130
125 130
127 130
125 131
42 132
125 132
127 132
81 133
84 133
125 133
127 134
127 135
80 136
127 136
45 137
127 137
127 138
127 139
127 140
35 141
127 141
127 142
127 143
82 144
127 144
127 145
68 146
127 146
127 147
148 149
148 150
148 151
148 152
148 153
151 153
152 153
148 154
109 155
149 155
36 156
96 156
102 156
151 156
155 156
10 157
28 157
151 157
152 158
69 159
84 159
152 159
20 161
114 161
160 161
160 162
161 163
161 164
55 165
161 165
38 166
44 166
95 166
114 166
161 166
161 167
158 168
161 168
86 169
95 169
161 169
166 169
54 170
80 170
161 170
161 171
161 172
161 173
21 174
161 174
168 174
173 174
4 175
161 175
29 176
145 176
161 176
19 177
161 177
161 178
161 179
161 180
118 181
161 181
61 182
63 182
161 182
161 183
170 183
161 184
29 185
161 185
186 187
69 188
81 188
186 188
186 189
25 190
83 190
186 190
186 191
188 191
4 192
8 192
20 192
25 192
81 192
186 192
14 193
81 193
84 193
133 193
188 193
84 194
133 194
188 194
67 195
80 195
95 195
188 195
84 196
133 196
188 196
193 196
194 196
64 197
188 197
65 198
188 198
33 199
67 199
95 199
159 199
169 199
188 199
194 199
195 199
196 199
188 200
69 201
84 201
188 201
196 201
20 202
80 202
159 202
188 202
188 203
11 204
110 204
170 204
188 204
102 205
188 205
45 206
188 206
188 207
118 208
188 208
80 209
190 209
80 210
190 210
14 211
81 211
190 211
190 212
196 212
20 213
33 213
36 213
64 213
87 213
143 213
159 213
190 213
192 213
199 213
190 214
105 215
163 215
190 215
83 216
190 216
193 216
211 216
190 217
190 218
52 219
64 219
155 219
192 219
192 220
20 221
192 221
220 221
129 222
134 222
143 222
192 222
20 223
113 223
192 223
221 223
20 224
26 224
36 224
192 224
213 224
221 224
223 224
192 225
221 225
70 226
118 226
192 226
51 227
63 227
192 227
28 228
105 228
192 228
229 230
229 231
229 232
23 233
73 233
84 233
118 233
183 233
230 233
234 235
86 236
169 236
213 236
234 236
234 237
234 238
235 238
235 239
11 240
80 240
86 240
95 240
159 240
169 240
199 240
201 240
209 240
236 240
146 241
236 241
86 242
236 242
236 243
86 244
236 244
242 244
86 245
134 245
236 245
69 246
81 246
84 246
86 246
133 246
169 246
193 246
194 246
196 246
199 246
202 246
213 246
222 246
236 246
240 246
241 246
242 246
244 246
245 246
236 247
246 247
30 248
81 248
84 248
133 248
159 248
193 248
194 248
196 248
201 248
212 248
236 248
240 248
246 248
95 249
236 249
246 249
46 250
113 250
236 250
246 250
236 251
246 251
86 252
213 252
236 252
241 252
246 252
25 253
100 253
133 253
236 253
240 253
246 253
69 254
141 254
147 254
238 254
254 255
254 256
21 257
254 257
254 258
102 259
28 260
79 260
28 261
79 261
260 261
19 262
28 262
79 262
260 262
261 262
28 263
79 263
260 263
261 263
262 263
28 264
79 264
82 264
196 264
260 264
261 264
262 264
263 264
21 265
81 265
261 265
36 266
121 266
261 266
233 267
250 267
262 267
4 268
39 268
64 268
65 268
79 268
109 268
110 268
118 268
213 268
4 269
20 269
28 269
96 269
110 269
140 269
171 269
227 269
28 270
28 271
28 272
4 273
28 273
80 273
28 274
102 274
10 275
28 275
170 275
4 276
10 276
28 276
41 276
105 276
110 276
156 276
168 276
170 276
182 276
204 276
275 276
28 277
45 277
198 277
20 278
28 278
110 278
170 278
22 279
28 279
21 280
28 280
36 280
21 281
26 281
28 281
118 281
155 281
158 281
250 281
28 282
28 283
118 283
219 283
227 283
273 283
28 284
28 285
228 285
20 286
28 286
110 286
20 287
21 287
28 287
28 288
103 288
110 288
28 289
54 289
174 289
219 289
266 289
275 289
28 290
21 291
28 291
63 291
72 291
204 291
283 291
28 292
276 292
291 292
20 293
28 293
88 293
108 293
288 293
28 294
4 295
21 295
110 295
157 295
268 295
269 295
270 295
66 296
268 296
36 297
168 297
268 297
95 298
97 298
268 298
29 299
95 299
97 299
181 299
204 299
268 299
268 300
268 301
222 302
268 302
59 303
156 303
204 303
221 303
225 303
268 303
275 303
277 303
287 303
54 304
268 304
29 305
54 305
213 305
226 305
233 305
268 305
90 306
102 306
113 306
210 306
264 306
242 307
246 307
264 307
264 308
264 309
80 310
209 310
304 310
130 311
209 311
209 312
159 313
240 313
81 314
83 314
95 314
169 314
195 314
240 314
248 314
252 314
253 314
25 315
95 315
195 315
196 315
212 315
213 315
240 315
36 316
45 316
86 316
169 316
240 316
241 316
242 316
243 316
244 316
245 316
246 316
247 316
249 316
251 316
252 316
253 316
240 317
240 318
317 318
95 319
195 319
240 319
24 320
36 320
67 320
90 320
95 320
136 320
195 320
199 320
200 320
240 320
297 320
314 320
315 320
319 320
22 321
95 321
195 321
240 321
320 321
95 322
195 322
240 322
320 322
14 323
95 323
169 323
195 323
240 323
320 323
95 324
195 324
240 324
320 324
31 325
51 325
95 325
166 325
195 325
199 325
201 325
240 325
253 325
283 325
314 325
315 325
320 325
323 325
95 326
195 326
240 326
320 326
95 327
195 327
240 327
320 327
325 327
84 328
133 328
194 328
196 328
240 328
248 328
95 329
164 329
169 329
195 329
240 329
325 329
95 330
166 330
169 330
240 330
325 330
95 331
169 331
195 331
196 331
240 331
298 331
325 331
69 332
95 332
114 332
169 332
195 332
240 332
298 332
325 332
95 333
240 333
325 333
95 334
169 334
195 334
240 334
325 334
80 335
95 335
195 335
199 335
240 335
246 335
26 336
95 336
195 336
240 336
95 337
169 337
195 337
240 337
30 338
240 338
315 338
319 338
240 339
95 340
240 340
240 341
315 341
317 341
318 341
319 341
331 341
240 342
169 343
240 343
240 344
240 345
240 346
69 347
84 347
87 347
193 347
194 347
199 347
240 347
314 347
83 348
196 348
199 348
202 348
240 348
328 348
83 349
222 349
240 349
310 350
69 351
130 351
137 351
153 351
311 351
74 352
244 352
303 352
311 352
318 352
311 353
130 354
311 354
352 354
68 355
107 355
146 355
311 355
314 355
30 356
36 356
80 356
210 356
306 356
80 357
95 357
169 357
195 357
196 357
243 357
246 357
248 357
325 357
24 358
80 358
114 358
210 358
218 358
246 358
253 358
325 358
338 358
348 358
349 358
65 359
70 359
80 359
84 359
95 359
314 359
20 360
80 360
220 360
222 360
224 360
80 361
210 361
306 361
80 362
102 362
210 362
246 362
305 362
80 363
80 364
312 365
312 366
20 367
154 367
20 368
305 368
367 368
367 369
368 369
19 370
22 370
86 370
283 370
295 370
355 370
20 371
140 371
170 371
267 371
276 371
295 371
4 372
130 372
135 372
147 372
295 372
167 373
275 373
276 373
294 373
295 373
4 374
117 374
118 374
119 374
159 374
280 374
295 374
363 374
10 375
170 375
225 375
295 375
295 376
86 377
295 377
295 378
13 379
295 379
370 380
163 381
303 381
370 381
90 382
118 382
164 382
176 382
302 382
305 382
370 382
242 383
370 383
270 384
313 384
370 384
374 384
370 385
19 386
143 386
273 386
370 386
378 386
134 387
351 387
370 387
29 388
129 388
134 388
273 388
360 388
370 388
157 389
370 389
36 390
370 390
370 391
10 392
20 392
278 392
370 392
41 393
204 393
275 393
276 393
370 393
373 393
24 394
227 394
371 394
371 395
250 396
275 396
371 396
371 397
64 398
118 398
183 398
185 398
269 398
305 398
40 399
135 399
198 399
213 399
269 399
276 399
269 400
10 401
41 401
110 401
170 401
227 401
269 401
275 401
276 401
373 401
375 401
393 401
34 402
269 402
328 402
114 403
269 403
269 404
10 405
82 405
105 405
269 405
384 405
269 406
269 407
338 408
372 408
273 409
349 409
372 409
386 409
372 410
87 411
275 411
276 411
373 411
375 411
393 411
21 412
41 412
275 412
276 412
294 412
373 412
375 412
401 412
411 412
41 413
74 413
106 413
110 413
227 413
275 413
276 413
292 413
373 413
375 413
393 413
401 413
411 413
412 413
39 414
68 414
129 414
355 414
373 414
275 415
276 415
373 415
375 415
401 415
412 415
413 415
41 416
97 416
110 416
182 416
203 416
204 416
275 416
276 416
373 416
375 416
393 416
401 416
412 416
413 416
41 417
275 417
276 417
373 417
375 417
401 417
413 417
416 417
41 418
110 418
275 418
276 418
373 418
375 418
393 418
401 418
412 418
413 418
416 418
374 419
10 420
110 420
198 420
276 420
375 420
393 420
401 420
412 420
413 420
416 420
417 420
418 420
20 421
421 422
69 423
81 423
106 423
156 423
193 423
194 423
213 423
222 423
265 423
315 423
359 423
382 423
398 423
81 424
84 424
193 424
248 424
265 424
328 424
423 424
81 425
193 425
211 425
265 425
423 425
424 425
81 426
84 426
133 426
159 426
193 426
194 426
201 426
225 426
248 426
249 426
253 426
265 426
328 426
347 426
348 426
423 426
424 426
425 426
29 427
313 427
24 428
168 428
183 428
352 428
423 428
427 428
427 429
304 430
427 430
14 431
81 431
84 431
86 431
133 431
196 431
216 431
246 431
248 431
314 431
316 431
347 431
423 431
425 431
426 431
428 431
43 432
54 432
81 432
165 432
194 432
399 432
424 432
428 432
136 433
179 433
213 433
222 433
242 433
307 433
411 433
428 433
213 434
222 434
334 434
399 434
428 434
428 435
246 436
428 436
20 437
26 437
29 437
31 437
51 437
62 437
77 437
88 437
109 437
114 437
168 437
182 437
276 437
303 437
381 437
398 437
29 438
182 438
305 438
351 438
29 439
29 440
31 440
246 440
283 440
29 441
62 441
292 441
24 442
107 442
108 442
128 442
141 442
164 442
228 442
241 442
253 442
313 442
317 442
318 442
341 442
399 442
431 442
436 442
100 443
134 443
164 443
273 443
313 443
399 443
442 443
86 444
313 444
36 445
313 445
433 445
36 446
96 446
110 446
184 446
292 446
313 446
359 446
432 446
436 446
297 447
313 447
95 448
219 448
241 448
313 448
433 448
313 449
355 449
313 450
382 450
20 451
36 451
72 451
96 451
102 451
170 451
183 451
184 451
313 451
423 451
436 451
70 452
168 452
243 452
304 452
313 452
382 452
177 453
313 453
313 454
313 455
273 456
386 456
430 456
241 458
457 458
102 460
450 460
459 460
213 461
461 462
463 464
463 465
464 465
250 466
287 466
400 466
464 466
107 467
387 467
465 467
21 468
290 468
292 468
465 468
380 469
138 470
140 470
350 470
376 470
380 470
400 470
469 470
380 471
469 471
380 472
469 472
380 473
469 473
380 474
469 474
380 475
469 475
380 476
469 476
380 477
469 477
380 478
469 478
95 479
470 479
84 480
298 480
401 480
470 480
470 481
470 482
471 483
478 483
380 484
400 485
466 485
485 486
485 487
466 488
485 488
283 489
485 489
199 490
485 490
466 491
485 491
250 492
466 492
466 493
466 494
466 495
466 496
466 497
466 498
466 499
466 500
466 501
9 502
68 502
141 502
355 502
414 502
489 502
21 503
36 503
102 503
109 503
114 503
168 503
182 503
250 503
298 503
304 503
395 503
489 503
217 504
489 504
404 505
163 506
203 506
292 506
356 506
398 506
210 507
306 507
383 507
123 508
210 508
341 508
39 509
305 509
306 509
204 510
306 510
439 510
504 510
77 511
81 511
133 511
194 511
197 511
199 511
202 511
292 511
306 511
320 511
331 511
306 512
382 512
30 513
82 513
83 513
85 513
198 513
242 513
243 513
244 513
252 513
314 513
359 513
30 514
37 514
142 514
315 514
438 514
21 515
30 515
71 515
30 516
36 516
136 516
320 516
343 516
344 516
5 517
30 517
54 517
174 517
233 517
276 517
293 517
297 517
398 517
437 517
30 518
54 518
82 518
85 518
88 518
222 518
445 518
81 519
84 519
133 519
196 519
423 519
424 519
425 519
426 519
54 520
81 520
222 520
224 520
338 520
423 520
424 520
425 520
426 520
423 521
81 522
213 522
423 522
425 522
520 522
81 523
84 523
248 523
423 523
424 523
11 524
196 524
213 524
276 524
303 524
423 524
425 524
423 525
424 525
425 525
520 525
522 525
524 525
130 526
211 526
216 526
376 526
423 526
424 526
425 526
426 526
81 527
84 527
193 527
194 527
196 527
201 527
225 527
315 527
423 527
424 527
425 527
426 527
431 527
519 527
520 527
522 527
524 527
526 527
36 528
84 528
159 528
196 528
216 528
246 528
248 528
405 528
423 528
424 528
425 528
426 528
431 528
527 528
81 529
212 529
249 529
358 529
423 529
515 529
423 530
81 531
83 531
133 531
196 531
212 531
222 531
246 531
248 531
253 531
347 531
355 531
423 531
426 531
159 532
196 532
246 532
249 532
253 532
347 532
348 532
349 532
384 532
423 532
511 532
70 533
118 533
211 533
248 533
423 533
511 533
526 533
338 534
408 534
423 534
338 535
408 535
423 535
534 535
338 536
423 536
338 537
423 537
535 537
338 538
423 538
159 539
246 539
252 539
348 539
386 539
423 539
456 539
248 540
423 540
423 541
131 542
145 542
423 542
166 543
196 543
202 543
213 543
242 543
246 543
360 543
389 543
423 543
431 543
433 543
423 544
423 545
21 546
36 546
155 546
292 546
299 546
305 546
326 546
348 546
422 546
423 546
517 546
20 547
105 547
155 547
159 547
423 547
436 547
194 548
196 548
202 548
328 548
358 548
423 548
431 548
531 548
118 549
302 549
305 549
423 549
438 549
511 549
249 550
252 550
294 550
325 550
423 550
433 550
434 550
456 550
543 550
423 551
423 552
325 553
423 553
84 554
133 554
140 554
193 554
194 554
196 554
248 554
438 554
519 554
531 554
532 554
84 555
133 555
194 555
196 555
201 555
248 555
314 555
315 555
328 555
331 555
426 555
431 555
519 555
527 555
532 555
554 555
59 556
193 556
431 556
526 556
541 556
551 556
325 557
514 557
520 557
520 558
110 559
432 559
522 559
522 560
24 561
81 561
84 561
118 561
133 561
196 561
227 561
246 561
248 561
348 561
376 561
424 561
426 561
431 561
442 561
527 561
554 561
555 561
81 562
170 562
81 563
133 563
248 563
527 563
561 563
81 564
84 564
432 564
81 565
84 565
118 565
194 565
196 565
248 565
347 565
426 565
431 565
432 565
515 565
527 565
554 565
555 565
563 565
81 566
36 567
81 567
159 567
248 567
347 567
432 567
81 568
133 568
246 568
248 568
426 568
431 568
511 568
527 568
81 569
409 569
81 570
133 570
196 570
248 570
426 570
527 570
548 570
81 571
84 571
246 571
426 571
14 572
81 572
69 573
81 573
84 573
95 573
194 573
195 573
199 573
202 573
212 573
222 573
248 573
315 573
328 573
331 573
335 573
358 573
359 573
426 573
431 573
442 573
443 573
528 573
531 573
532 573
539 573
542 573
550 573
553 573
561 573
565 573
570 573
81 574
169 574
81 575
248 575
81 576
84 576
248 576
431 576
81 577
156 577
213 577
533 577
553 577
81 578
97 578
194 578
248 578
426 578
431 578
527 578
543 578
565 578
81 579
106 579
212 579
275 579
412 579
81 580
194 580
41 581
42 581
60 581
61 581
99 581
100 581
101 581
174 581
212 581
287 581
320 581
344 581
400 581
447 581
448 581
523 581
394 582
524 582
83 583
526 583
211 584
526 584
533 584
551 584
196 585
212 585
320 585
325 585
347 585
348 585
399 585
511 585
516 585
527 585
555 585
573 585
36 586
84 586
133 586
248 586
426 586
527 586
554 586
563 586
578 586
426 587
431 587
511 587
527 587
36 588
84 588
113 588
194 588
296 588
431 588
451 588
492 588
494 588
503 588
565 588
586 588
587 588
84 589
95 589
169 589
194 589
195 589
320 589
325 589
331 589
340 589
95 590
194 590
573 590
84 591
133 591
194 591
347 591
426 591
548 591
67 592
169 592
194 592
246 592
431 592
548 592
573 592
194 593
249 593
347 593
548 593
573 593
70 594
222 594
227 594
365 594
422 594
425 594
432 594
543 594
133 595
248 595
376 595
426 595
434 595
511 595
555 595
248 596
252 596
376 596
426 596
431 596
84 597
248 597
426 597
69 598
84 598
248 598
426 598
588 598
133 599
196 599
399 599
426 599
555 599
426 600
426 601
598 601
69 602
199 602
331 602
426 602
531 602
585 602
593 602
596 602
199 603
314 603
426 603
36 604
136 604
297 604
320 604
343 604
344 604
516 604
528 604
532 604
550 604
573 604
585 604
36 605
37 605
214 605
315 605
437 605
514 605
528 605
68 606
315 606
359 606
528 606
557 606
45 607
59 607
118 607
159 607
178 607
183 607
218 607
249 607
250 607
305 607
315 607
348 607
358 607
392 607
432 607
438 607
452 607
529 607
573 607
135 608
435 608
529 608
239 609
358 609
529 609
431 610
530 611
611 612
611 613
97 614
549 614
611 614
613 614
20 615
90 615
96 615
61 616
97 616
451 616
615 616
11 617
36 617
90 617
110 617
155 617
179 617
299 617
305 617
326 617
422 617
512 617
145 618
176 618
334 618
452 618
616 618
617 618
617 619
10 620
63 620
204 620
276 620
413 620
416 620
418 620
617 620
24 621
128 621
442 621
443 621
33 622
128 622
348 622
573 622
609 622
621 622
24 623
128 623
358 623
607 623
621 623
218 624
609 624
621 624
128 625
621 625
623 625
24 626
70 626
128 626
218 626
358 626
362 626
388 626
442 626
443 626
543 626
607 626
609 626
621 626
623 626
625 626
24 627
128 627
442 627
621 627
623 627
609 628
621 628
626 628
621 629
623 629
626 629
609 630
621 630
626 630
24 631
128 631
621 631
623 631
626 631
128 632
212 632
218 632
348 632
349 632
607 632
609 632
621 632
626 632
24 633
128 633
621 633
626 633
627 633
631 633
39 634
82 634
83 634
95 634
195 634
196 634
212 634
218 634
314 634
320 634
357 634
358 634
442 634
531 634
561 634
573 634
585 634
602 634
632 634
159 635
384 635
442 635
443 635
548 635
64 636
164 636
219 636
442 636
443 636
66 637
296 637
442 637
588 637
317 638
318 638
341 638
442 638
317 639
318 639
341 639
442 639
638 639
317 640
318 640
319 640
331 640
341 640
352 640
442 640
638 640
639 640
317 641
318 641
341 641
352 641
442 641
638 641
640 641
317 642
318 642
341 642
442 642
638 642
640 642
177 643
241 643
319 643
442 643
137 644
241 644
442 644
45 645
137 645
442 645
573 645
66 646
296 646
442 646
588 646
637 646
85 647
141 647
442 647
442 648
443 648
132 649
185 649
233 649
442 649
544 649
442 650
547 650
622 650
626 650
155 651
442 651
626 651
159 652
442 652
502 652
276 653
442 653
618 653
227 654
442 654
442 655
510 655
651 655
442 656
655 656
437 657
442 657
442 658
442 659
443 659
213 660
442 660
358 661
442 661
533 661
442 662
442 663
442 664
442 665
442 666
442 667
442 668
622 669
83 670
253 670
358 670
609 670
622 670
632 670
199 671
222 671
516 671
622 671
622 672
24 673
36 673
70 673
118 673
185 673
305 673
392 673
437 673
441 673
24 674
69 674
70 674
183 674
292 674
441 674
579 674
650 674
673 674
24 675
128 675
623 675
633 675
24 676
128 676
623 676
625 676
626 676
627 676
631 676
633 676
675 676
24 677
128 677
623 677
626 677
633 677
676 677
24 678
128 678
169 678
623 678
626 678
633 678
676 678
24 679
102 679
106 679
274 679
359 679
629 679
24 680
65 680
102 680
114 680
274 680
623 680
625 680
626 680
627 680
629 680
631 680
633 680
676 680
678 680
11 681
24 681
109 681
155 681
246 681
278 681
24 682
36 682
159 682
246 682
511 682
588 682
24 683
110 683
116 683
166 683
227 683
248 683
348 683
24 684
506 684
623 685
629 685
680 685
70 686
128 686
274 686
359 686
623 686
679 686
680 686
128 687
609 687
623 687
626 687
679 687
680 687
128 688
579 688
623 688
676 688
679 688
680 688
65 689
102 689
274 689
359 689
623 689
626 689
629 689
631 689
675 689
677 689
678 689
685 689
686 689
687 689
688 689
623 690
631 690
25 691
624 691
628 691
630 691
65 692
359 692
625 692
629 692
679 692
685 692
686 692
37 693
102 693
106 693
274 693
338 693
625 693
679 693
680 693
686 693
688 693
689 693
102 694
106 694
274 694
607 694
625 694
686 694
102 695
274 695
625 695
629 695
685 695
686 695
86 696
241 696
246 696
626 696
628 696
643 696
644 696
65 697
114 697
626 697
629 697
680 697
685 697
687 697
688 697
689 697
358 698
359 698
515 698
626 698
102 699
626 699
627 699
675 699
676 699
680 699
686 699
687 699
688 699
693 699
626 700
680 700
626 701
432 702
626 702
227 703
588 703
618 703
626 703
626 704
626 705
443 706
509 706
443 707
70 708
359 708
629 708
679 708
680 708
686 708
692 708
697 708
65 709
70 709
359 709
629 709
685 709
686 709
692 709
708 709
245 710
353 710
382 710
509 710
602 710
629 710
102 711
114 711
274 711
629 711
685 711
686 711
688 711
693 711
697 711
250 712
283 712
492 712
573 712
588 712
629 712
630 713
204 714
243 714
358 714
632 714
66 715
296 715
588 715
632 715
637 715
646 715
85 716
252 716
358 716
588 716
607 716
632 716
10 717
39 717
70 717
110 717
118 717
119 717
155 717
176 717
183 717
292 717
299 717
305 717
358 717
397 717
409 717
432 717
573 717
607 717
616 717
632 717
716 717
66 718
95 718
314 718
357 718
532 718
561 718
588 718
590 718
609 718
634 718
637 718
646 718
698 718
84 719
159 719
274 719
314 719
328 719
329 719
331 719
561 719
634 719
686 719
688 719
698 719
26 720
90 720
155 720
302 720
588 720
634 720
634 721
634 722
95 723
195 723
248 723
325 723
511 723
169 724
195 724
195 725
95 726
195 726
315 726
590 726
338 727
357 727
399 727
594 727
650 727
672 727
713 727
133 728
196 728
212 728
248 728
511 728
554 728
573 728
602 728
719 728
196 729
314 730
437 730
358 731
607 731
212 732
222 732
246 732
358 732
607 732
609 732
64 733
83 733
95 733
218 733
226 733
245 733
358 733
382 733
384 733
411 733
513 733
212 734
218 734
358 734
514 734
605 734
606 734
693 734
338 735
358 735
408 735
204 736
358 736
717 736
83 737
170 738
562 738
9 739
68 739
130 739
502 739
562 739
562 740
170 741
562 741
244 742
246 742
739 742
137 743
647 743
739 743
141 744
502 744
647 744
739 744
743 744
9 745
68 745
141 745
355 745
502 745
739 745
744 745
9 746
68 746
355 746
739 746
502 747
739 747
185 748
739 748
68 749
739 749
502 750
739 750
9 751
502 751
645 751
683 751
739 751
744 751
745 751
748 751
739 752
751 752
502 753
739 753
751 753
9 754
739 754
360 755
645 755
739 755
752 755
168 756
308 756
347 756
381 756
511 756
740 756
31 757
163 757
283 757
381 757
163 758
381 758
757 758
163 759
381 759
757 759
129 760
130 760
135 760
170 760
199 760
303 760
352 760
384 760
549 760
554 760
581 760
707 760
713 760
757 760
757 761
36 762
118 762
155 762
185 762
227 762
253 762
294 762
305 762
365 762
378 762
405 762
432 762
533 762
757 762
36 763
292 763
305 763
347 763
422 763
437 763
480 763
517 763
618 763
757 763
381 764
757 764
74 765
405 765
756 765
757 765
21 766
26 766
274 766
276 766
437 766
441 766
757 766
73 767
105 767
119 767
157 767
291 767
294 767
304 767
757 767
21 768
381 768
388 768
21 769
54 769
114 769
279 769
287 769
297 769
381 769
405 769
436 769
437 769
518 769
605 769
653 769
381 770
163 771
215 771
379 771
163 772
215 772
163 773
215 773
31 774
51 774
305 774
440 774
619 774
21 775
31 775
77 775
378 775
607 775
767 775
31 776
51 776
452 776
4 777
140 777
170 777
403 777
760 777
760 778
21 779
140 779
760 779
777 779
99 780
100 780
760 780
140 781
283 781
315 781
760 781
113 782
468 782
113 783
502 783
113 784
432 784
21 785
26 785
90 785
102 785
113 785
179 785
182 785
303 785
492 785
616 785
717 785
20 786
21 786
113 786
143 786
305 786
756 786
11 787
108 787
113 787
299 787
305 787
378 787
616 787
620 787
22 788
113 788
113 789
113 790
113 791
113 792
113 793
782 794
114 795
782 795
782 796
198 797
782 797
20 798
129 798
134 798
222 798
241 798
245 798
387 798
388 798
467 798
107 799
129 799
134 799
467 799
733 799
798 799
204 800
252 800
156 801
511 801
701 801
800 801
54 802
800 802
801 802
800 803
801 803
800 804
4 805
10 805
21 805
25 805
102 805
114 805
118 805
170 805
293 805
305 805
325 805
355 805
435 805
513 805
554 805
581 805
588 805
653 805
670 805
714 805
736 805
800 805
405 806
588 806
800 806
64 807
66 807
67 807
68 807
69 807
70 807
71 807
72 807
73 807
267 807
437 807
707 807
774 807
776 807
800 807
110 808
800 808
800 809
801 809
51 810
594 810
800 810
809 810
801 811
801 812
801 813
801 814
801 815
20 816
23 816
36 816
517 816
801 816
801 817
801 818
21 819
26 819
121 819
183 819
184 819
290 819
293 819
304 819
347 819
419 819
450 819
517 819
802 819
73 820
102 820
108 820
166 820
299 820
378 820
435 820
452 820
512 820
517 820
581 820
803 820
19 821
714 821
233 822
684 822
714 822
821 822
19 823
102 823
334 823
456 823
714 823
821 823
822 823
821 824
102 825
452 825
821 825
90 826
102 826
716 826
821 826
90 827
305 827
821 827
19 828
97 828
392 828
805 828
11 829
19 829
21 829
64 829
73 829
109 829
110 829
118 829
227 829
289 829
618 829
620 829
714 829
775 829
19 830
23 830
51 830
437 830
19 831
766 831
4 832
20 832
84 832
105 832
110 832
118 832
227 832
305 832
398 832
822 832
291 833
822 833
36 834
305 834
325 834
781 834
822 834
20 835
227 835
304 835
616 835
822 835
84 836
305 836
822 836
347 837
348 837
349 837
620 837
660 837
672 837
727 837
822 837
822 838
822 839
822 840
114 841
171 841
290 841
335 841
352 841
377 841
545 841
653 841
713 841
714 841
756 841
810 841
246 842
602 842
670 842
714 842
97 843
198 843
392 843
797 843
823 843
828 843
110 844
176 844
305 844
581 844
823 844
25 845
108 845
147 845
446 845
606 845
607 845
141 846
607 846
647 846
744 846
20 847
73 847
105 847
110 847
289 847
292 847
293 847
452 847
517 847
607 847
655 847
770 847
279 848
607 848
594 849
607 849
607 850
109 851
155 851
607 851
681 851
437 852
607 852
398 853
731 853
105 854
732 854
21 855
222 855
732 855
854 855
732 856
855 856
761 857
761 858
33 859
768 860
14 861
86 861
90 861
91 861
437 861
518 861
290 862
437 862
769 862
299 863
437 863
605 863
769 863
199 864
437 864
769 864
437 865
769 865
437 866
605 866
769 866
862 866
863 866
864 866
865 866
437 867
769 867
863 867
864 867
20 868
21 868
106 868
140 868
437 868
694 868
141 869
257 869
258 869
273 869
413 869
437 869
769 869
198 870
399 870
437 870
797 870
219 871
392 871
399 871
437 871
437 872
437 873
866 873
110 874
276 874
291 874
393 874
401 874
412 874
413 874
416 874
418 874
437 874
110 875
157 875
178 875
278 875
289 875
290 875
291 875
293 875
437 875
517 875
655 875
769 875
21 876
289 876
291 876
292 876
293 876
303 876
392 876
437 876
289 877
437 877
581 877
11 878
23 878
109 878
110 878
276 878
289 878
292 878
437 878
547 878
620 878
775 878
437 879
581 879
437 880
581 880
437 881
581 881
392 882
437 882
406 883
437 883
110 884
437 884
620 884
90 885
437 885
437 886
437 887
21 888
290 888
292 888
436 888
437 888
441 888
437 889
437 890
437 891
437 892
437 893
437 894
67 895
368 895
382 895
437 895
452 895
550 895
765 895
787 895
829 895
834 895
847 895
21 896
769 896
769 897
769 898
769 899
809 899
841 899
241 900
696 900
10 901
21 901
171 901
244 901
291 901
292 901
392 901
399 901
400 901
594 901
778 901
900 901
241 902
319 902
696 902
241 903
319 903
696 903
241 904
388 904
798 904
241 905
360 905
386 905
387 905
388 905
409 905
798 905
799 905
241 906
696 906
241 907
696 907
241 908
696 908
241 909
643 909
696 909
241 910
387 910
643 910
696 910
902 910
907 910
909 910
241 911
266 911
805 911
819 911
241 912
222 913
241 913
547 913
363 914
778 914
901 914
219 915
305 915
351 915
901 915
107 916
129 916
143 916
222 916
245 916
355 916
386 916
387 916
388 916
414 916
513 916
696 916
756 916
798 916
799 916
107 917
222 917
242 917
696 917
805 917
696 918
271 919
32 920
220 920
272 920
492 920
920 921
247 922
338 922
408 922
535 922
920 922
143 923
220 923
920 923
920 924
920 925
921 925
102 926
392 926
509 926
920 926
920 927
129 928
143 928
145 928
147 928
770 928
795 928
921 928
415 929
921 929
923 929
924 929
509 930
706 930
922 930
767 931
923 931
140 932
178 932
250 932
267 932
368 932
396 932
492 932
875 932
272 933
716 933
32 934
216 934
635 935
384 936
635 936
935 936
69 937
384 937
635 937
936 937
635 938
635 939
64 940
213 940
244 940
514 940
609 940
785 940
841 940
64 941
20 942
52 942
64 942
155 942
219 942
289 942
64 943
164 943
219 943
871 943
64 944
64 945
155 945
219 945
379 945
636 945
942 945
943 945
45 946
64 946
131 946
145 946
159 946
243 946
246 946
249 946
347 946
399 946
432 946
573 946
594 946
770 946
21 947
64 947
67 947
68 947
69 947
71 947
72 947
73 947
74 947
325 947
774 947
810 947
64 948
155 948
197 949
130 950
156 950
226 950
281 950
352 950
354 950
382 950
445 950
446 950
549 950
783 950
820 950
941 950
95 951
219 951
275 951
401 951
219 952
399 952
401 952
951 952
219 953
401 953
416 953
95 954
219 954
399 954
401 954
952 954
219 955
275 955
399 955
401 955
412 955
416 955
417 955
952 955
219 956
275 956
401 956
952 956
219 957
401 957
416 957
21 958
219 958
401 958
412 958
416 958
829 958
871 958
951 958
952 958
953 958
954 958
955 958
957 958
21 959
219 959
401 959
952 959
958 959
11 960
219 960
958 960
219 961
219 962
95 963
219 963
399 963
401 963
416 963
544 963
871 963
951 963
952 963
954 963
955 963
956 963
957 963
958 963
959 963
4 964
159 964
168 964
219 964
227 964
276 964
292 964
294 964
303 964
5 965
7 965
219 965
219 966
832 966
942 966
945 966
219 967
942 967
945 967
219 968
219 969
895 969
219 970
942 970
69 971
581 971
942 971
649 972
943 972
952 972
963 972
164 973
382 973
636 973
164 974
382 974
636 974
164 975
636 975
164 976
636 976
945 977
506 978
588 978
899 978
945 978
977 978
555 979
945 979
945 980
945 981
945 982
66 983
256 983
296 983
351 983
502 983
543 983
637 983
646 983
715 983
718 983
733 983
45 984
137 984
351 984
644 984
645 984
733 984
376 985
733 985
87 986
411 986
733 986
4 987
25 987
130 987
135 987
138 987
140 987
146 987
171 987
213 987
376 987
398 987
400 987
402 987
581 987
779 987
795 987
828 987
935 987
398 988
509 988
23 989
68 989
102 989
243 989
305 989
398 989
409 989
4 990
398 990
118 991
398 991
853 991
398 992
74 993
398 993
68 994
355 994
398 994
502 994
379 995
398 995
506 995
874 995
876 995
950 995
303 996
398 996
468 996
33 997
573 997
651 997
655 997
656 997
946 997
565 998
565 999
565 1000
565 1001
409 1002
569 1002
409 1003
569 1003
166 1004
572 1004
36 1005
84 1005
116 1005
177 1005
266 1005
378 1005
577 1005
707 1005
36 1006
84 1006
98 1006
105 1006
170 1006
183 1006
227 1006
273 1006
305 1006
578 1006
654 1006
917 1006
36 1007
84 1007
292 1007
395 1007
84 1008
588 1008
20 1009
84 1009
143 1009
155 1009
253 1009
292 1009
298 1009
305 1009
332 1009
451 1009
787 1009
895 1009
986 1009
84 1010
155 1010
176 1010
185 1010
253 1010
302 1010
305 1010
407 1010
432 1010
512 1010
38 1011
84 1011
155 1011
775 1011
84 1012
84 1013
84 1014
84 1015
84 1016
85 1017
218 1017
252 1017
588 1017
691 1017
716 1017
14 1018
85 1018
253 1018
573 1018
14 1019
85 1019
70 1020
692 1020
709 1020
65 1021
689 1021
692 1021
708 1021
359 1022
679 1022
692 1022
709 1022
692 1023
70 1024
679 1024
692 1024
708 1024
709 1024
679 1025
692 1025
65 1026
70 1026
679 1026
680 1026
689 1026
692 1026
708 1026
709 1026
1021 1026
70 1027
689 1027
692 1027
708 1027
1026 1027
70 1028
679 1028
689 1028
692 1028
709 1028
70 1029
679 1029
692 1029
709 1029
692 1030
242 1031
447 1031
785 1031
1024 1031
708 1032
102 1033
274 1033
329 1033
686 1033
693 1033
102 1034
106 1034
274 1034
686 1034
70 1035
97 1035
680 1035
689 1035
695 1035
697 1035
699 1035
709 1035
711 1035
680 1036
697 1036
699 1036
709 1036
711 1036
70 1037
359 1037
679 1037
680 1037
689 1037
359 1038
86 1039
402 1039
513 1039
513 1040
280 1041
513 1041
513 1042
21 1043
116 1043
227 1043
513 1043
726 1043
247 1044
256 1044
983 1044
1040 1044
242 1045
244 1045
742 1045
242 1046
244 1046
742 1046
239 1047
516 1047
916 1047
198 1048
198 1049
797 1049
198 1050
439 1050
21 1051
143 1051
198 1051
797 1051
198 1052
399 1052
105 1053
215 1053
243 1053
854 1053
243 1054
763 1054
227 1055
243 1055
244 1056
742 1056
25 1057
273 1057
386 1057
451 1057
766 1057
805 1057
832 1057
1006 1057
805 1058
512 1059
668 1059
805 1059
222 1060
362 1060
805 1060
964 1060
805 1061
66 1062
296 1062
588 1062
637 1062
646 1062
715 1062
718 1062
983 1062
66 1063
296 1063
588 1063
637 1063
646 1063
715 1063
718 1063
983 1063
1062 1063
66 1064
296 1064
637 1064
646 1064
715 1064
718 1064
1063 1064
66 1065
296 1065
588 1065
637 1065
646 1065
715 1065
718 1065
983 1065
1062 1065
1063 1065
1064 1065
66 1066
296 1066
588 1066
637 1066
715 1066
718 1066
983 1066
1062 1066
1063 1066
1064 1066
1065 1066
66 1067
296 1067
588 1067
637 1067
646 1067
715 1067
1062 1067
1063 1067
1064 1067
1065 1067
1066 1067
66 1068
419 1068
246 1069
256 1069
637 1069
715 1069
983 1069
1044 1069
1062 1069
1063 1069
246 1070
1063 1070
588 1071
1064 1071
1065 1071
1066 1071
637 1072
1065 1072
1067 1072
248 1073
588 1073
90 1074
183 1074
436 1074
450 1074
452 1074
581 1074
588 1074
588 1075
588 1076
117 1077
588 1077
588 1078
588 1079
451 1080
494 1080
503 1080
588 1080
715 1081
637 1082
177 1083
983 1083
914 1084
33 1085
147 1085
647 1085
914 1085
36 1086
42 1086
60 1086
61 1086
63 1086
174 1086
252 1086
279 1086
716 1086
779 1086
877 1086
881 1086
914 1086
964 1086
1005 1086
1017 1086
130 1087
175 1087
204 1087
377 1087
392 1087
412 1087
669 1087
914 1087
1005 1087
20 1088
222 1088
224 1088
245 1088
349 1088
360 1088
435 1088
543 1088
86 1089
86 1090
246 1090
20 1091
360 1091
388 1091
1088 1091
20 1092
360 1092
1088 1092
1091 1092
316 1093
316 1094
578 1094
246 1095
605 1095
606 1095
216 1096
218 1096
246 1096
247 1096
246 1097
578 1097
616 1097
70 1098
246 1098
305 1098
33 1099
246 1099
510 1099
767 1099
246 1100
349 1100
895 1100
246 1101
436 1101
246 1102
246 1103
246 1104
134 1105
387 1105
388 1105
798 1105
799 1105
860 1105
107 1106
222 1106
798 1106
798 1107
798 1108
798 1109
388 1110
798 1110
294 1111
317 1111
642 1111
798 1111
227 1112
444 1112
77 1113
247 1113
479 1113
1067 1113
95 1114
214 1114
247 1114
555 1114
36 1115
159 1115
247 1115
620 1115
218 1116
247 1116
25 1117
247 1117
549 1117
155 1118
185 1118
292 1118
392 1118
419 1118
106 1119
680 1119
694 1119
785 1119
841 1119
863 1119
863 1120
864 1120
990 1120
10 1121
140 1121
213 1121
320 1121
352 1121
394 1121
400 1121
770 1121
828 1121
848 1121
866 1121
915 1121
389 1122
673 1122
222 1123
382 1123
673 1123
674 1123
673 1124
673 1125
674 1126
1127 1128
248 1129
1127 1129
1127 1130
382 1131
514 1131
516 1131
609 1131
1047 1131
222 1132
303 1132
382 1132
494 1132
266 1133
382 1133
451 1133
546 1133
549 1133
820 1133
382 1134
74 1135
382 1135
550 1135
1100 1135
222 1136
382 1136
1010 1136
382 1137
164 1138
12 1139
164 1139
164 1140
164 1141
164 1142
638 1143
317 1144
318 1144
341 1144
638 1144
640 1144
317 1145
318 1145
341 1145
352 1145
579 1145
638 1145
640 1145
318 1146
341 1146
638 1146
640 1146
317 1147
318 1147
341 1147
640 1147
317 1148
318 1148
105 1149
108 1149
215 1149
276 1149
403 1149
420 1149
767 1149
854 1149
995 1149
1053 1149
854 1150
303 1151
854 1151
950 1151
105 1152
215 1152
1053 1152
105 1153
108 1153
1053 1153
1053 1154
63 1155
108 1155
276 1155
452 1155
807 1155
847 1155
947 1155
1053 1155
1149 1155
105 1156
110 1156
140 1156
166 1156
400 1156
795 1156
11 1157
36 1157
105 1157
184 1157
298 1157
506 1157
105 1158
21 1159
118 1159
143 1159
155 1159
159 1159
183 1159
185 1159
452 1159
620 1159
1149 1159
1149 1160
1149 1161
109 1162
681 1162
683 1162
807 1162
851 1162
1151 1162
1151 1163
222 1164
855 1164
856 1164
33 1165
283 1165
33 1166
33 1167
672 1167
102 1168
155 1168
305 1168
506 1168
517 1168
766 1168
781 1168
950 1168
1165 1168
1165 1169
742 1170
850 1170
679 1171
680 1171
689 1171
695 1171
697 1171
699 1171
711 1171
114 1172
670 1172
114 1173
432 1173
653 1173
655 1173
114 1174
155 1174
170 1174
299 1174
949 1174
110 1175
114 1175
168 1175
549 1175
166 1176
351 1176
438 1176
518 1176
549 1176
670 1176
779 1176
117 1177
326 1177
438 1177
549 1177
620 1177
399 1178
1176 1178
292 1179
1176 1179
451 1180
766 1180
820 1180
1010 1180
1176 1180
291 1181
360 1181
601 1181
762 1181
837 1181
36 1182
555 1182
36 1183
1182 1183
36 1184
1182 1184
36 1185
1182 1185
106 1186
694 1186
868 1186
926 1186
1034 1186
1119 1186
1182 1186
106 1187
694 1187
868 1187
969 1187
1034 1187
1119 1187
1182 1187
1186 1187
318 1188
1017 1188
1086 1188
1147 1188
273 1189
213 1190
386 1190
547 1190
767 1190
971 1190
1118 1190
1189 1190
1189 1191
1190 1192
1191 1193
273 1194
276 1194
393 1194
401 1194
411 1194
412 1194
413 1194
415 1194
416 1194
417 1194
418 1194
420 1194
252 1195
273 1195
349 1195
386 1195
4 1196
273 1196
386 1196
517 1196
273 1197
378 1197
783 1197
159 1198
273 1198
20 1199
222 1199
349 1199
360 1199
543 1199
917 1199
1091 1199
1092 1199
141 1200
147 1200
360 1200
5 1201
7 1201
20 1201
221 1201
223 1201
360 1201
1091 1201
1092 1201
5 1202
6 1202
7 1202
20 1202
221 1202
223 1202
360 1202
1091 1202
1092 1202
6 1203
20 1203
221 1203
223 1203
360 1203
1092 1203
20 1204
360 1204
1091 1204
1092 1204
20 1205
360 1205
1091 1205
1092 1205
360 1206
1091 1206
20 1207
360 1207
1091 1207
360 1208
1091 1208
360 1209
20 1210
221 1210
223 1210
395 1210
1092 1210
221 1211
223 1211
20 1212
221 1212
102 1213
581 1213
135 1214
1214 1215
320 1216
399 1216
604 1216
10 1217
171 1217
182 1217
276 1217
393 1217
399 1217
411 1217
412 1217
413 1217
414 1217
416 1217
418 1217
218 1218
399 1218
719 1218
399 1219
399 1220
399 1221
399 1222
399 1223
266 1224
348 1224
399 1224
707 1224
433 1225
445 1225
606 1225
445 1226
445 1227
1087 1227
119 1228
175 1228
377 1228
1087 1228
1116 1228
1225 1228
1229 1230
1229 1231
1229 1232
1229 1233
594 1234
1229 1234
1229 1235
95 1236
320 1236
36 1237
320 1237
516 1237
604 1237
320 1238
843 1238
581 1239
604 1239
604 1240
20 1241
25 1241
170 1241
199 1241
275 1241
297 1241
303 1241
392 1241
400 1241
401 1241
412 1241
413 1241
415 1241
416 1241
417 1241
418 1241
420 1241
581 1241
779 1241
952 1241
199 1242
10 1243
141 1243
199 1243
390 1243
785 1243
796 1243
118 1244
589 1244
325 1245
69 1246
325 1246
432 1246
573 1246
781 1246
118 1247
290 1247
325 1247
325 1248
325 1249
154 1250
868 1250
928 1250
1121 1250
36 1251
102 1251
305 1251
326 1251
347 1251
422 1251
618 1251
1054 1251
1133 1251
326 1252
137 1253
984 1253
984 1254
45 1255
137 1255
984 1255
45 1256
137 1256
387 1256
432 1256
755 1256
396 1257
1255 1257
216 1258
248 1258
227 1259
248 1259
289 1259
392 1259
1087 1259
90 1260
102 1260
619 1260
1260 1261
1260 1262
915 1263
915 1264
479 1265
479 1266
77 1267
88 1267
479 1267
1113 1267
77 1268
971 1268
1113 1268
77 1269
896 1269
1113 1269
1268 1269
1113 1270
1269 1270
1113 1271
77 1272
1113 1272
1269 1272
1113 1273
1113 1274
985 1275
376 1276
416 1276
985 1276
376 1277
985 1277
1277 1278
141 1279
743 1279
846 1279
743 1280
5 1281
6 1281
7 1281
11 1281
6 1282
7 1282
9 1282
11 1282
744 1282
11 1283
116 1283
170 1283
227 1283
712 1283
1087 1283
11 1284
1285 1286
1285 1287
1285 1288
74 1289
618 1289
1285 1289
1285 1290
841 1291
1285 1291
555 1292
646 1292
646 1293
646 1294
98 1295
183 1295
509 1295
143 1296
509 1296
102 1297
216 1297
509 1297
20 1298
392 1298
509 1298
1086 1298
70 1299
102 1299
117 1299
155 1299
305 1299
452 1299
509 1299
950 1299
59 1300
102 1300
451 1300
509 1300
100 1301
509 1301
517 1301
90 1302
102 1302
395 1302
509 1302
305 1303
509 1303
509 1304
512 1304
509 1305
509 1306
5 1307
6 1307
509 1307
558 1307
965 1307
1282 1307
926 1308
930 1308
930 1309
305 1311
1086 1311
1310 1311
21 1312
156 1312
276 1312
283 1312
1311 1312
20 1313
110 1313
138 1313
276 1313
393 1313
401 1313
411 1313
412 1313
413 1313
415 1313
416 1313
417 1313
418 1313
420 1313
138 1314
400 1314
138 1315
338 1316
573 1316
102 1317
249 1317
347 1317
348 1317
349 1317
548 1317
573 1317
727 1317
997 1317
347 1318
573 1318
573 1319
660 1319
727 1319
379 1320
548 1320
573 1320
602 1320
573 1321
573 1322
573 1323
573 1324
37 1325
734 1325
1095 1325
716 1326
928 1326
1017 1326
1086 1326
1188 1326
20 1327
70 1327
73 1327
110 1327
118 1327
456 1327
517 1327
716 1327
1086 1327
1326 1327
59 1328
174 1328
252 1328
278 1328
288 1328
872 1328
1017 1328
1086 1328
1188 1328
1326 1328
1327 1328
350 1329
362 1329
716 1329
1017 1329
1086 1329
1188 1329
1326 1329
1327 1329
1328 1329
252 1330
716 1330
911 1330
1086 1330
1188 1330
1326 1330
1328 1330
1329 1330
1327 1331
34 1332
278 1332
1327 1332
1086 1333
779 1334
1086 1334
1086 1335
581 1336
1086 1336
1087 1336
581 1337
1086 1337
303 1338
1086 1338
213 1339
542 1339
543 1339
1086 1339
118 1340
1086 1340
213 1341
289 1341
352 1341
432 1341
707 1341
780 1341
1328 1341
781 1342
1328 1342
1328 1343
108 1344
1328 1344
68 1345
274 1345
679 1345
680 1345
693 1345
694 1345
711 1345
719 1345
1033 1345
679 1346
719 1346
1033 1346
1033 1347
618 1348
659 1348
976 1348
1345 1348
1345 1349
679 1350
693 1350
694 1350
1186 1350
680 1351
689 1351
693 1351
694 1351
514 1352
605 1352
606 1352
693 1352
1325 1352
514 1353
605 1353
606 1353
693 1353
514 1354
605 1354
606 1354
693 1354
1325 1354
605 1355
606 1355
693 1355
514 1356
606 1356
693 1356
1325 1356
514 1357
606 1357
693 1357
693 1358
102 1359
274 1359
679 1359
680 1359
693 1359
711 1359
102 1360
899 1360
20 1361
90 1361
102 1361
144 1361
511 1361
668 1361
950 1361
102 1362
90 1363
102 1363
878 1363
1300 1363
102 1364
392 1364
70 1365
90 1365
102 1365
511 1365
512 1365
90 1366
102 1366
90 1367
102 1367
619 1367
73 1368
102 1368
102 1369
90 1370
102 1370
103 1370
158 1370
183 1370
90 1371
102 1371
348 1371
102 1372
102 1373
108 1373
274 1374
694 1374
711 1374
517 1375
1295 1375
556 1376
781 1376
1295 1376
851 1377
1295 1377
109 1378
175 1378
1295 1378
155 1379
785 1379
851 1379
1295 1379
1377 1379
1295 1380
227 1381
1295 1381
1379 1381
1295 1382
556 1383
1295 1383
1376 1383
851 1384
1099 1384
1376 1384
1379 1384
1382 1384
832 1385
876 1385
1385 1386
303 1387
712 1387
1385 1387
73 1388
1385 1388
383 1389
383 1390
383 1391
432 1392
432 1393
110 1394
155 1394
170 1394
253 1394
304 1394
378 1394
432 1394
517 1394
620 1394
1087 1394
432 1395
432 1396
21 1397
155 1397
292 1397
302 1397
432 1397
518 1397
1168 1397
170 1398
183 1398
378 1398
432 1398
517 1398
432 1399
432 1400
87 1401
411 1401
986 1401
34 1402
87 1402
511 1402
785 1402
986 1403
532 1404
593 1404
213 1405
338 1405
213 1406
213 1407
176 1408
213 1408
726 1408
1188 1408
213 1409
227 1409
213 1410
107 1411
213 1411
799 1411
213 1412
213 1413
213 1414
213 1415
213 1416
213 1417
25 1418
213 1418
215 1418
213 1419
213 1420
217 1420
1097 1420
213 1421
592 1421
683 1421
213 1422
227 1422
550 1422
213 1423
543 1423
433 1424
1408 1425
20 1426
668 1426
1111 1426
20 1427
36 1427
143 1427
173 1427
174 1427
184 1427
305 1427
452 1427
1135 1427
20 1428
415 1428
20 1429
1135 1429
20 1430
155 1430
20 1431
20 1432
155 1432
20 1433
20 1434
252 1434
20 1435
108 1435
183 1435
305 1435
20 1436
20 1437
20 1438
20 1439
1112 1439
170 1440
280 1440
555 1440
1250 1440
683 1441
690 1441
1257 1441
1239 1442
1239 1443
36 1444
116 1444
185 1444
305 1444
392 1444
518 1444
650 1444
1239 1444
1239 1445
710 1446
275 1447
275 1448
278 1448
684 1448
393 1449
413 1449
416 1449
90 1450
276 1450
393 1450
401 1450
21 1451
22 1451
45 1451
119 1451
155 1451
166 1451
276 1451
302 1451
518 1451
620 1451
846 1451
851 1451
882 1451
276 1452
968 1452
276 1453
292 1453
518 1453
895 1453
41 1454
283 1454
766 1454
1194 1454
222 1455
388 1455
799 1455
222 1456
414 1456
543 1456
549 1456
594 1456
129 1457
618 1458
1097 1458
1259 1458
1454 1458
1455 1458
145 1459
594 1459
143 1460
594 1460
594 1461
145 1462
594 1462
47 1463
130 1463
352 1463
594 1463
785 1463
816 1463
817 1463
1301 1463
1462 1463
594 1464
224 1465
917 1465
576 1466
950 1466
55 1467
1361 1467
1451 1467
1468 1469
1468 1470
1468 1471
1468 1472
1468 1473
177 1474
1468 1474
1468 1475
446 1476
446 1477
446 1478
446 1479
1188 1480
1188 1481
581 1482
5 1483
6 1483
7 1483
581 1483
140 1484
581 1484
581 1485
581 1486
581 1487
581 1488
581 1489
97 1490
828 1490
173 1491
174 1491
583 1491
305 1492
332 1492
332 1493
95 1494
95 1495
169 1495
95 1496
95 1497
249 1497
95 1498
95 1499
166 1500
166 1501
204 1502
533 1502
578 1503
726 1503
1087 1504
1087 1505
1228 1505
172 1506
173 1506
290 1506
949 1506
1087 1506
1087 1507
1087 1508
1087 1509
377 1510
377 1511
377 1512
377 1513
377 1514
110 1515
303 1515
400 1515
620 1515
795 1515
400 1516
400 1517
140 1518
143 1518
400 1518
795 1518
558 1519
1515 1519
1186 1520
609 1521
1186 1521
106 1522
694 1522
36 1523
831 1523
1187 1523
1312 1523
257 1524
680 1525
689 1525
689 1526
711 1526
554 1527
123 1528
341 1528
554 1528
140 1529
690 1529
1335 1529
140 1530
140 1531
619 1531
140 1532
294 1533
1111 1533
1111 1534
1533 1534
252 1535
1535 1536
936 1537
167 1538
511 1538
385 1539
385 1540
141 1541
647 1541
744 1541
779 1541
963 1541
1279 1541
647 1542
744 1542
1279 1542
26 1543
141 1543
647 1543
744 1543
1279 1543
647 1544
744 1544
1279 1544
141 1545
647 1545
744 1545
1279 1545
647 1546
744 1546
1279 1546
141 1547
647 1547
744 1547
1279 1547
141 1548
647 1548
744 1548
910 1548
1279 1548
141 1549
647 1549
744 1549
1279 1549
141 1550
355 1550
606 1550
647 1550
744 1550
1279 1550
141 1551
647 1551
744 1551
1279 1551
647 1552
744 1552
1279 1552
141 1553
647 1553
744 1553
1279 1553
141 1554
647 1554
744 1554
1279 1554
141 1555
647 1555
744 1555
1279 1555
141 1556
647 1556
695 1556
744 1556
1279 1556
141 1557
647 1557
744 1557
1279 1557
647 1558
1541 1559
155 1560
744 1560
1543 1560
1550 1560
1553 1560
1544 1561
141 1562
141 1563
744 1563
1279 1563
9 1564
68 1564
355 1564
502 1564
746 1564
1548 1564
1548 1565
1548 1566
744 1567
9 1568
68 1568
355 1568
502 1568
1564 1568
502 1569
1564 1569
502 1570
4 1571
1571 1572
36 1573
184 1573
436 1573
882 1573
895 1573
1058 1573
1075 1573
1571 1573
1571 1574
338 1575
408 1575
535 1575
408 1576
338 1577
408 1577
535 1577
408 1578
338 1579
408 1579
439 1579
535 1579
338 1580
408 1580
535 1580
338 1581
408 1581
338 1582
408 1582
338 1583
408 1583
535 1583
338 1584
408 1584
535 1584
338 1585
408 1585
535 1585
408 1586
338 1587
408 1587
338 1588
408 1588
535 1588
338 1589
408 1589
535 1589
338 1590
408 1590
535 1590
408 1591
535 1591
338 1592
338 1593
338 1594
338 1595
735 1596
605 1597
605 1598
606 1598
605 1599
606 1599
1325 1599
605 1600
606 1600
605 1601
606 1601
514 1602
605 1602
606 1602
1325 1602
605 1603
605 1604
1279 1604
605 1605
606 1605
514 1606
605 1606
691 1606
602 1607
605 1607
605 1608
606 1608
514 1609
606 1609
514 1610
350 1611
514 1611
516 1611
1047 1611
514 1612
606 1612
37 1613
1095 1613
1352 1613
1356 1613
1357 1613
1605 1613
36 1614
447 1614
1031 1614
1462 1614
36 1615
40 1615
47 1615
36 1616
36 1617
781 1617
1312 1617
36 1618
36 1619
185 1619
36 1620
756 1620
36 1621
36 1622
36 1623
36 1624
252 1624
36 1625
142 1626
145 1626
606 1627
1325 1627
606 1628
606 1629
606 1630
606 1631
606 1632
606 1633
68 1634
355 1634
1564 1634
68 1635
355 1635
994 1635
1564 1635
68 1636
1463 1636
727 1637
409 1638
616 1638
717 1639
143 1640
386 1640
1197 1640
386 1641
386 1642
550 1642
386 1643
510 1643
51 1644
386 1644
947 1644
1196 1645
132 1646
143 1646
670 1646
966 1646
143 1647
143 1648
143 1649
143 1650
618 1650
539 1651
183 1652
1642 1652
170 1653
304 1653
378 1653
517 1653
378 1654
155 1655
158 1655
305 1655
456 1655
577 1655
756 1655
895 1655
1094 1655
1004 1656
25 1657
130 1657
354 1657
950 1657
130 1658
1657 1658
352 1659
950 1659
950 1660
950 1661
950 1662
950 1663
950 1664
950 1665
1657 1666
25 1668
290 1668
1667 1668
387 1669
387 1670
387 1671
913 1671
387 1672
388 1673
38 1674
305 1675
555 1675
599 1676
819 1676
1181 1676
770 1677
1613 1678
1613 1679
1613 1680
1613 1681
1680 1681
1613 1682
1680 1682
794 1683
794 1684
794 1685
794 1686
794 1687
1683 1687
1684 1687
1685 1687
1686 1687
480 1688
541 1688
1646 1688
12 1689
13 1689
51 1689
807 1689
829 1689
947 1689
1646 1689
1267 1690
1267 1691
1267 1692
1691 1692
77 1693
1691 1694
779 1695
1484 1695
1691 1695
927 1696
927 1697
927 1698
1082 1699
1082 1700
1699 1700
1050 1701
683 1702
870 1702
1173 1702
1652 1702
227 1703
669 1703
1529 1704
690 1705
1335 1705
1529 1705
690 1706
1335 1706
1529 1706
690 1707
1335 1707
1529 1707
9 1708
982 1708
1529 1708
1702 1708
690 1709
1707 1710
952 1711
416 1712
441 1712
958 1712
963 1712
958 1713
958 1714
169 1715
620 1715
1519 1715
1689 1715
227 1716
1422 1716
1689 1716
13 1717
410 1718
21 1719
616 1719
389 1720
543 1721
711 1722
679 1723
90 1724
155 1724
14 1725
14 1726
297 1727
110 1728
289 1728
297 1728
110 1729
297 1729
297 1730
829 1730
297 1731
158 1732
168 1732
168 1733
1614 1734
609 1735
69 1736
155 1737
249 1737
227 1738
249 1738
292 1738
712 1738
780 1738
249 1739
249 1740
298 1741
785 1741
4 1742
10 1742
21 1742
108 1742
110 1742
299 1742
299 1743
118 1744
294 1744
299 1744
169 1745
169 1746
169 1747
415 1748
415 1749
1650 1749
415 1750
170 1751
795 1751
110 1752
170 1752
21 1753
170 1753
170 1754
59 1755
108 1755
278 1755
416 1755
842 1755
1012 1755
592 1756
964 1756
1379 1756
1451 1756
766 1757
964 1757
147 1759
1758 1759
1758 1760
355 1761
45 1762
355 1762
1564 1762
252 1763
833 1763
1133 1763
26 1764
51 1764
1763 1764
785 1765
929 1765
1463 1765
1708 1765
1463 1766
574 1767
1463 1767
1240 1768
1463 1768
1463 1769
1519 1769
1463 1770
1463 1771
1463 1772
1463 1773
1463 1774
1463 1775
5 1776
392 1776
452 1776
767 1776
1202 1776
1203 1776
1259 1776
1282 1776
1283 1776
1210 1777
5 1778
6 1778
7 1778
1777 1778
5 1779
6 1780
45 1780
159 1780
994 1780
7 1781
25 1782
25 1783
402 1784
402 1785
402 1786
683 1787
837 1787
1785 1787
1786 1787
216 1788
416 1789
418 1790
1790 1791
1789 1792
1789 1793
1789 1794
1789 1795
1699 1796
480 1797
480 1798
1031 1798
480 1799
480 1800
480 1801
683 1802
763 1802
1251 1802
1259 1802
1386 1802
763 1803
1005 1803
1251 1803
1283 1803
109 1804
763 1804
1251 1804
132 1805
252 1805
712 1805
712 1806
379 1807
712 1807
712 1808
712 1809
712 1810
1077 1810
45 1811
1268 1811
1268 1812
233 1813
452 1813
1115 1813
481 1814
481 1815
1814 1815
481 1816
481 1817
1814 1817
481 1818
910 1819
910 1820
911 1821
911 1822
911 1823
44 1824
45 1824
44 1825
45 1826
51 1827
177 1827
453 1827
831 1827
947 1827
51 1828
74 1828
51 1829
807 1829
266 1830
1228 1830
1228 1831
1228 1832
119 1833
620 1833
1834 1835
10 1836
1834 1836
1835 1837
1836 1837
250 1838
932 1838
21 1839
250 1839
932 1839
250 1840
267 1840
849 1840
932 1840
26 1841
159 1841
227 1841
228 1841
302 1841
303 1841
392 1841
439 1841
518 1841
618 1841
929 1841
932 1841
996 1841
1454 1841
1649 1841
506 1842
932 1842
932 1843
250 1844
549 1844
1747 1844
250 1845
396 1845
1047 1846
1047 1847
1047 1848
1047 1849
784 1850
350 1851
251 1852
515 1853
515 1854
515 1855
515 1856
515 1857
363 1858
618 1859
392 1860
650 1860
672 1860
650 1861
91 1862
691 1863
691 1864
302 1865
303 1865
511 1865
720 1865
875 1865
996 1865
1011 1865
1180 1865
1451 1865
1708 1865
1708 1866
52 1867
795 1868
853 1869
364 1870
1309 1870
860 1871
860 1872
506 1873
860 1873
860 1874
1120 1875
109 1876
155 1876
681 1876
1162 1876
681 1877
1173 1877
1655 1877
1841 1877
109 1878
109 1879
851 1879
785 1880
785 1881
785 1882
785 1883
785 1884
785 1885
785 1886
785 1887
994 1888
300 1889
300 1890
110 1891
968 1892
841 1893
841 1894
841 1895
227 1896
841 1896
841 1897
841 1898
841 1899
291 1900
292 1900
379 1900
841 1900
171 1901
10 1902
118 1903
172 1903
174 1903
305 1903
172 1904
173 1904
172 1905
173 1906
998 1907
1837 1908
1837 1909
1837 1910
26 1911
116 1911
292 1911
302 1911
348 1911
618 1911
1865 1911
618 1912
618 1913
618 1914
21 1915
176 1915
176 1916
619 1916
1710 1916
850 1917
482 1918
482 1919
157 1920
482 1920
439 1921
510 1921
439 1922
510 1922
439 1923
510 1923
1922 1923
439 1924
510 1925
1158 1925
1139 1926
1652 1927
1701 1927
155 1928
875 1930
1865 1930
1929 1930
1467 1931
1467 1932
1467 1933
1467 1934
21 1935
21 1936
347 1936
602 1936
21 1937
21 1938
21 1939
21 1940
21 1941
21 1942
21 1943
436 1943
21 1944
21 1945
517 1945
21 1946
21 1947
147 1948
147 1949
147 1950
147 1951
1155 1952
1951 1952
929 1953
503 1954
208 1955
288 1955
547 1955
1523 1955
59 1956
1005 1956
1283 1956
1006 1957
451 1958
834 1958
1573 1958
99 1959
451 1959
546 1959
1363 1959
451 1960
266 1961
1157 1962
156 1963
491 1963
494 1964
1031 1965
1756 1965
155 1966
1397 1966
1451 1966
1451 1967
1802 1968
683 1969
1259 1969
1386 1969
118 1970
683 1970
969 1970
98 1971
302 1972
511 1972
558 1972
875 1972
996 1972
1180 1972
1193 1972
1454 1972
1464 1972
1865 1972
1009 1973
1059 1973
368 1974
1972 1974
392 1975
392 1976
392 1977
392 1978
392 1979
547 1980
876 1980
1338 1980
1841 1980
1865 1980
1972 1980
228 1981
547 1981
1766 1982
1776 1982
292 1983
878 1983
1982 1983
1168 1984
1175 1984
1982 1984
291 1985
1776 1985
1776 1986
1776 1987
1776 1988
1984 1989
1984 1990
1963 1991
117 1992
117 1993
1162 1993
117 1994
117 1995
452 1995
117 1996
253 1997
348 1997
349 1997
548 1997
620 1997
1173 1998
602 1999
1173 1999
1733 1999
1877 1999
1998 1999
549 2000
1168 2001
1168 2002
1989 2002
203 2003
995 2003
1664 2003
756 2004
1080 2004
756 2005
756 2006
289 2007
289 2008
878 2009
878 2010
878 2011
178 2012
850 2012
1454 2013
1458 2013
1454 2014
1097 2015
1510 2015
1097 2016
1135 2016
1485 2017
1363 2018
1664 2019
1348 2020
1841 2021
452 2022
452 2023
100 2024
100 2025
1865 2026
1972 2026
1865 2027
1972 2027
1972 2028
1972 2029
1865 2030
1972 2030
1972 2031
1702 2032
2018 2033
71 2034
71 2035
71 2036
155 2037
155 2038
155 2039
155 2040
155 2041
155 2042
436 2043
1966 2043
882 2044
177 2045
1827 2045
177 2046
1827 2046
177 2047
1827 2047
177 2048
1827 2048
1827 2049
252 2050
252 2051
252 2052
1338 2053
1738 2053
1665 2054
1807 2054
1283 2055
1810 2056
227 2057
227 2058
227 2059
227 2060
227 2061
406 2062
620 2064
2063 2064
620 2065
2063 2065
2063 2066
253 2067
1970 2067
1970 2068
204 2069
1676 2070
1181 2071
929 2072
929 2073
1998 2074
440 2075
1803 2076
110 2077
110 2078
183 2078
436 2078
1651 2078
110 2079
110 2080
655 2081
997 2081
178 2082
178 2083
1305 2084
1126 2085
1306 2085
1945 2085
1240 2086
1930 2087
1094 2088
1158 2088
2088 2089
395 2090
182 2091
395 2091
435 2092
290 2093
290 2094
208 2095
1927 2096
1927 2097
22 2098
775 2098
775 2099
775 2100
775 2101
118 2102
26 2103
118 2103
118 2104
118 2105
118 2106
619 2107
1135 2107
619 2108
996 2109
996 2110
996 2111
303 2112
303 2113
303 2114
303 2115
303 2116
303 2117
303 2118
347 2119
72 2120
659 2121
304 2122
767 2123
1122 2124
2043 2124
1122 2125
1099 2126
511 2127
1650 2127
511 2128
511 2129
511 2130
292 2131
1955 2131
292 2132
292 2133
2043 2133
23 2134
1135 2135
1135 2136
575 2137
620 2138
620 2139
620 2140
620 2141
2049 2142
2049 2143
1178 2144
2055 2145
2145 2146
2055 2147
997 2148
997 2149
305 2150
305 2151
305 2152
305 2153
305 2154
305 2155
305 2156
577 2157
577 2158
577 2159
582 2160
578 2161
578 2162
1713 2163
1112 2164
2131 2165
1224 2166
1649 2167
181 2168
348 2169
348 2170
506 2171
379 2172
159 2173
349 2173
349 2174
1502 2175
441 2176
396 2177
2133 2177
158 2178
1981 2179
228 2180
1695 2181
517 2182
517 2183
294 2184
1650 2184
294 2185
1960 2186
755 2187
755 2188
755 2189
949 2190
949 2191
2112 2192
899 2193
1755 2194
74 2195
982 2196
1926 2197
1926 2198
579 2199
579 2200
157 2201
1448 2202
1448 2203
1964 2204
159 2205
159 2206
1031 2207
1031 2208
707 2209
1125 2210
183 2211
183 2212
185 2212
1423 2213
1423 2214
895 2215
2095 2216
26 2217
26 2218
26 2219
2192 2220
2192 2221
185 2222
1967 2223
1332 2224
