1 2
2 3
3 4
4 5
5 6
6 7
7 8
8 9
2 10
2 11
11 12
12 13
13 14
7 15
14 15
15 16
16 17
7 18
17 18
18 19
19 20
20 21
9 22
21 22
23 24
24 25
25 26
26 27
27 28
28 29
29 30
30 31
31 32
32 33
33 34
34 35
35 36
36 37
31 38
37 38
31 39
38 39
39 40
40 41
41 42
42 43
43 44
44 45
46 47
47 48
48 49
49 50
50 51
51 52
52 53
53 54
35 55
54 55
36 56
56 57
57 58
58 59
59 60
60 61
61 62
62 63
63 64
64 65
65 66
66 67
45 68
67 68
69 70
70 71
71 72
72 73
73 74
74 75
76 77
77 78
78 79
79 80
80 81
81 82
82 83
83 84
84 85
85 86
86 87
87 88
88 89
89 90
90 91
91 92
92 93
93 94
94 95
95 96
66 97
96 97
66 98
98 99
99 100
100 101
101 102
102 103
103 104
104 105
105 106
108 109
109 110
110 111
111 112
112 113
113 114
82 116
115 116
116 117
117 118
118 119
119 120
120 121
121 122
89 123
122 123
123 124
124 125
125 126
126 127
97 128
127 128
99 129
128 129
99 130
130 131
131 132
68 133
132 133
133 134
134 135
135 136
137 138
138 139
139 140
140 141
141 142
107 143
109 143
143 144
145 146
146 147
116 148
147 148
148 149
116 150
149 150
150 151
151 152
152 153
153 154
154 155
155 156
120 157
156 157
120 158
158 159
159 160
160 161
161 162
162 163
163 164
164 165
165 166
165 167
166 167
167 168
168 169
169 170
170 171
171 172
171 173
172 173
173 174
173 175
174 175
175 176
176 177
177 178
178 179
179 180
180 181
181 182
182 183
183 184
183 185
184 185
185 186
186 187
187 188
139 189
189 190
142 191
190 191
192 193
193 194
194 195
195 196
196 197
197 198
198 199
199 200
200 201
201 202
202 203
203 204
204 205
206 207
207 208
208 209
209 210
160 211
210 211
160 212
212 213
213 214
214 215
215 216
216 217
175 218
217 218
176 219
218 219
176 220
220 221
221 222
182 223
222 223
183 224
223 224
185 225
226 227
227 228
228 229
229 230
230 231
231 232
232 233
233 234
234 235
235 236
236 237
237 238
238 239
239 240
240 241
241 242
242 243
243 244
244 245
245 246
246 247
247 248
248 249
223 250
249 250
251 252
252 253
253 254
254 255
256 257
251 258
258 259
259 260
254 261
260 261
194 262
262 263
251 264
263 264
258 265
254 266
265 266
266 267
267 268
268 269
258 270
258 271
271 272
273 274
274 275
275 276
276 277
277 278
278 279
279 280
280 281
281 282
282 283
258 284
284 285
285 286
286 287
273 288
287 288
288 289
289 290
290 291
291 292
293 294
287 295
294 295
295 296
296 297
297 298
298 299
299 300
300 301
301 302
303 304
304 305
305 306
306 307
307 308
308 309
309 310
310 311
311 312
312 313
313 314
315 316
308 317
316 317
317 318
318 319
319 320
320 321
321 322
322 323
315 324
317 325
324 325
325 326
326 327
327 328
329 330
330 331
331 332
332 333
333 334
334 335
335 336
109 337
75 338
107 338
75 339
339 340
251 342
341 342
23 343
47 344
343 344
46 345
47 345
345 346
346 347
83 348
347 348
83 349
116 350
349 350
150 351
207 351
209 352
227 352
351 352
352 353
228 354
353 354
258 355
354 355
258 356
293 357
356 357
293 358
303 358
303 359
315 359
10 360
360 361
2 362
31 362
46 362
361 362
27 363
362 363
27 364
51 365
364 365
51 366
366 367
52 368
367 368
368 369
369 370
370 371
371 372
118 373
372 373
118 374
152 374
152 375
209 375
351 375
375 376
376 377
210 378
377 378
210 379
379 380
380 381
381 382
382 383
254 384
383 384
254 385
384 385
266 386
286 386
295 387
387 388
388 389
389 390
390 391
391 392
392 393
311 394
393 394
310 395
321 395
320 396
396 397
397 398
398 399
327 400
399 400
327 401
401 402
353 403
2 404
403 404
2 405
31 405
31 406
52 407
406 407
88 408
407 408
88 409
120 410
409 410
159 411
411 412
412 413
413 414
413 415
414 415
383 416
415 416
233 417
416 417
233 418
385 419
418 419
419 420
420 421
421 422
422 423
423 424
273 425
424 425
353 426
426 427
427 428
404 429
428 429
3 430
404 430
429 430
3 431
431 432
432 433
433 434
434 435
34 436
37 436
435 436
35 437
57 437
437 438
438 439
439 440
440 441
441 442
442 443
92 444
443 444
92 445
442 445
92 446
442 446
90 447
123 447
122 448
123 448
122 449
158 450
159 450
160 450
449 450
450 451
213 452
451 452
213 453
453 454
454 455
455 456
456 457
457 458
458 459
239 460
459 460
238 461
461 462
239 463
462 463
463 464
465 466
466 467
467 468
468 469
278 470
469 470
278 471
471 472
290 473
472 473
302 474
390 474
474 475
475 476
476 477
391 478
477 478
391 479
479 480
480 481
313 482
481 482
313 483
483 484
484 485
5 487
486 487
4 488
11 488
11 489
39 489
489 490
42 491
44 491
63 491
490 491
44 492
45 492
63 492
63 493
97 493
492 493
127 494
169 494
494 495
167 496
494 496
495 496
167 497
217 497
217 498
498 499
218 500
499 500
500 501
239 502
501 502
241 503
243 504
503 504
463 505
504 505
256 506
506 507
507 508
465 509
508 509
7 510
6 511
510 511
3 512
4 512
5 512
15 512
45 513
512 513
218 514
514 515
515 516
516 517
517 518
518 519
519 520
520 521
521 522
523 524
135 525
136 525
524 525
137 526
182 526
250 527
517 529
528 529
529 530
530 531
531 532
532 533
533 534
486 535
535 536
510 537
536 537
510 538
538 539
8 540
539 540
541 542
143 543
75 544
544 545
545 546
546 547
72 548
547 548
548 549
549 550
550 551
551 552
552 553
553 554
333 555
333 556
556 557
557 558
558 559
194 560
559 560
561 562
562 563
430 564
488 565
564 565
488 566
25 567
27 567
433 567
37 568
38 568
41 568
51 569
24 570
65 571
51 572
82 572
548 573
573 574
574 575
575 576
576 577
577 578
578 579
580 581
581 582
582 583
583 584
585 586
586 587
587 588
589 590
590 591
591 592
592 593
593 594
594 595
595 596
596 597
598 599
77 600
599 600
50 601
85 601
348 601
367 601
52 602
87 602
367 602
54 603
87 603
438 604
603 604
87 605
89 605
603 605
89 606
441 606
605 606
440 607
607 608
59 609
608 609
112 610
611 612
82 613
115 613
612 613
350 614
373 615
614 615
615 616
616 617
617 618
120 619
410 619
618 619
410 620
450 621
620 621
116 622
372 622
372 623
615 624
623 624
88 625
624 625
410 626
89 627
626 627
448 628
628 629
450 630
629 630
167 631
496 631
630 631
630 632
631 632
124 633
496 634
633 634
198 635
635 636
636 637
637 638
638 639
202 640
639 640
202 641
641 642
227 643
252 643
341 643
375 644
644 645
645 646
120 647
156 647
646 647
558 648
213 649
413 649
165 650
213 650
168 651
170 651
213 652
652 653
653 654
654 655
655 656
656 657
657 658
658 659
643 660
660 661
206 662
661 662
206 663
352 663
352 664
379 664
380 664
379 665
665 666
160 667
213 667
413 667
666 667
649 668
455 669
668 669
455 670
670 671
671 672
501 673
672 673
501 674
675 676
514 677
676 677
514 678
223 679
678 679
236 680
416 680
455 681
680 681
456 682
681 682
457 683
459 684
671 684
683 684
239 685
459 685
501 685
684 685
242 686
677 687
686 687
255 688
688 689
461 690
689 690
463 691
690 691
244 692
505 692
692 693
693 694
694 695
695 696
696 697
527 698
697 698
527 699
699 700
700 701
701 702
702 703
703 704
704 705
705 706
518 707
530 707
272 709
708 709
272 710
710 711
466 712
711 712
713 714
714 715
715 716
716 717
717 718
718 719
107 720
720 721
721 722
340 723
722 723
340 724
72 725
724 725
725 726
336 727
552 727
726 727
336 728
200 729
728 729
730 731
731 732
732 733
729 734
733 734
201 735
641 736
735 736
642 737
736 737
205 738
641 738
587 739
739 740
740 741
741 742
742 743
743 744
544 745
744 745
597 746
746 747
747 748
748 749
749 750
544 751
750 751
544 752
339 753
752 753
339 754
754 755
205 756
205 757
757 758
251 759
758 759
46 760
572 760
115 761
143 762
722 762
643 763
643 764
258 765
764 765
258 766
766 767
767 768
358 769
768 769
769 770
770 771
315 772
771 772
147 773
773 774
206 775
774 775
661 776
228 777
776 777
360 778
567 778
25 779
50 779
117 780
152 780
261 781
271 781
271 782
294 782
294 783
783 784
784 785
309 786
785 786
787 788
788 789
405 790
789 790
27 791
790 791
27 792
30 792
364 792
792 793
793 794
52 795
794 795
1 796
27 797
30 797
405 797
796 797
30 798
406 798
367 799
798 799
541 800
10 801
404 801
405 801
800 801
625 802
618 803
625 803
33 804
54 804
2 805
34 805
35 806
606 806
88 807
807 808
122 809
448 809
808 809
236 810
810 811
255 812
421 812
811 812
255 813
708 813
708 814
424 815
814 815
428 816
39 817
816 817
568 818
818 819
63 820
819 820
94 821
124 822
821 822
124 823
630 823
630 824
824 825
214 826
455 826
499 826
671 826
513 827
44 828
827 828
67 830
829 830
831 832
131 833
832 833
537 834
834 835
835 836
836 837
698 838
838 839
530 840
840 841
841 842
183 843
526 843
183 844
190 845
845 846
700 847
847 848
848 849
279 850
850 851
851 852
291 853
853 854
854 855
855 856
719 857
856 857
390 858
391 858
474 859
858 860
393 861
311 862
312 862
862 863
321 864
485 864
863 864
313 865
865 866
483 867
866 867
867 868
868 869
867 870
870 871
871 872
320 873
873 874
874 875
873 876
396 877
876 877
877 878
399 879
880 881
316 882
881 882
325 883
880 884
885 886
886 887
887 888
751 889
888 889
582 890
547 891
890 891
345 892
760 892
892 893
893 894
572 896
895 896
572 897
761 898
116 899
898 899
227 900
228 900
764 901
900 901
764 902
341 903
903 904
904 905
903 906
903 907
907 908
908 909
909 910
341 911
911 912
253 913
354 913
226 914
660 914
660 915
900 915
25 916
47 917
916 917
916 918
363 919
365 920
919 920
380 921
921 922
412 923
922 923
352 924
383 924
384 925
924 925
800 926
360 927
927 928
614 929
928 929
778 930
790 931
364 932
156 933
619 933
159 934
211 934
647 934
159 935
210 936
934 936
34 937
55 938
89 939
939 940
92 941
940 941
620 942
89 943
809 943
411 944
454 945
415 946
945 946
459 947
160 948
948 949
212 950
949 950
456 951
460 952
953 954
954 955
812 956
955 956
810 957
810 958
419 959
958 959
421 960
690 961
812 961
542 962
542 963
4 964
963 964
964 965
11 966
91 967
123 968
967 968
628 969
634 970
823 970
166 971
972 973
973 974
974 975
975 976
976 977
977 978
657 979
978 979
215 980
654 980
464 981
981 982
467 984
983 984
11 985
12 986
489 986
985 987
491 988
169 989
989 990
978 991
173 992
657 992
992 993
217 994
993 994
994 995
995 996
996 997
997 998
998 999
174 1000
994 1000
243 1001
244 1002
834 1004
1003 1004
834 1005
1005 1006
835 1007
1007 1008
1008 1009
1009 1010
1010 1011
1011 1012
8 1014
1013 1014
487 1015
563 1015
1005 1016
1008 1018
1017 1018
68 1019
102 1020
103 1020
134 1021
1020 1021
105 1022
104 1023
524 1023
172 1024
175 1024
219 1025
514 1025
529 1026
700 1027
1026 1027
700 1028
22 1030
1029 1030
526 1031
1031 1032
1032 1033
1034 1035
1035 1036
185 1037
1036 1037
191 1038
1038 1039
