1 4
2 5
4 6
4 10
6 10
3 14
2 15
2 17
15 17
4 18
6 18
10 18
3 20
14 20
9 22
19 23
3 24
14 24
20 24
1 27
4 27
4 28
3 29
14 29
20 29
24 29
2 30
5 30
3 31
14 31
20 31
24 31
29 31
2 32
5 32
30 32
2 33
5 33
30 33
32 33
21 34
2 36
5 36
30 36
32 36
33 36
3 37
14 37
20 37
24 37
29 37
31 37
2 38
15 38
17 38
21 39
34 39
4 42
28 42
4 43
6 43
10 43
18 43
2 44
15 44
17 44
38 44
11 45
9 46
22 46
2 48
15 48
17 48
38 48
44 48
4 49
6 49
10 49
18 49
43 49
3 50
14 50
20 50
24 50
29 50
31 50
37 50
1 51
4 51
27 51
21 52
34 52
39 52
3 53
14 53
20 53
21 53
24 53
29 53
31 53
34 53
37 53
39 53
50 53
52 53
4 55
6 55
10 55
18 55
43 55
49 55
9 56
22 56
46 56
21 58
34 58
39 58
52 58
53 58
1 59
4 59
7 59
27 59
51 59
9 60
22 60
46 60
56 60
13 61
2 62
5 62
21 62
30 62
32 62
33 62
34 62
36 62
39 62
52 62
53 62
58 62
2 63
15 63
17 63
38 63
44 63
48 63
31 64
31 65
31 66
64 66
21 67
34 67
39 67
52 67
53 67
58 67
62 67
21 68
34 68
39 68
52 68
53 68
58 68
62 68
67 68
3 69
14 69
20 69
24 69
29 69
31 69
37 69
50 69
53 69
64 69
66 69
54 70
3 71
14 71
16 71
20 71
24 71
29 71
31 71
37 71
50 71
53 71
59 71
69 71
21 72
34 72
39 72
52 72
53 72
58 72
62 72
67 72
68 72
2 73
5 73
30 73
32 73
33 73
36 73
62 73
3 74
14 74
20 74
24 74
29 74
31 74
37 74
50 74
53 74
69 74
71 74
2 75
15 75
17 75
38 75
44 75
48 75
63 75
25 76
9 78
22 78
46 78
56 78
60 78
59 79
2 80
5 80
30 80
32 80
33 80
36 80
62 80
73 80
3 81
14 81
20 81
24 81
29 81
31 81
37 81
50 81
53 81
69 81
71 81
74 81
2 82
5 82
30 82
32 82
33 82
36 82
62 82
73 82
80 82
31 83
64 83
66 83
69 83
59 84
79 84
21 85
34 85
39 85
52 85
53 85
58 85
62 85
67 85
68 85
72 85
25 87
76 87
77 88
21 89
34 89
39 89
52 89
53 89
58 89
62 89
67 89
68 89
72 89
85 89
3 90
14 90
20 90
24 90
29 90
31 90
37 90
50 90
53 90
69 90
71 90
74 90
81 90
3 91
4 91
6 91
10 91
14 91
18 91
20 91
24 91
29 91
31 91
37 91
43 91
49 91
50 91
53 91
55 91
69 91
71 91
74 91
81 91
90 91
21 92
34 92
39 92
52 92
53 92
58 92
62 92
67 92
68 92
72 92
85 92
89 92
59 93
79 93
84 93
4 94
6 94
10 94
18 94
43 94
49 94
55 94
91 94
2 95
5 95
30 95
32 95
33 95
36 95
62 95
73 95
80 95
82 95
11 96
45 96
59 97
79 97
84 97
93 97
86 98
59 99
71 99
2 100
15 100
17 100
38 100
44 100
48 100
63 100
75 100
4 101
6 101
10 101
18 101
31 101
40 101
43 101
49 101
55 101
65 101
91 101
94 101
35 102
4 103
28 103
42 103
41 104
11 105
45 105
96 105
4 106
28 106
42 106
103 106
11 107
45 107
96 107
105 107
3 108
14 108
20 108
24 108
29 108
31 108
37 108
50 108
53 108
69 108
71 108
74 108
81 108
90 108
91 108
77 109
88 109
54 110
70 110
1 111
4 111
27 111
51 111
59 111
11 112
45 112
96 112
105 112
107 112
7 113
59 113
23 114
21 115
34 115
39 115
52 115
53 115
58 115
62 115
67 115
68 115
72 115
85 115
89 115
92 115
105 116
25 117
76 117
87 117
1 118
4 118
27 118
51 118
59 118
111 118
3 119
14 119
20 119
24 119
29 119
31 119
37 119
50 119
53 119
69 119
71 119
74 119
81 119
90 119
91 119
108 119
40 120
101 120
59 121
71 121
99 121
59 122
71 122
99 122
121 122
21 123
34 123
39 123
52 123
53 123
58 123
62 123
67 123
68 123
72 123
85 123
89 123
92 123
115 123
2 124
15 124
17 124
38 124
44 124
48 124
63 124
75 124
100 124
11 125
12 125
45 125
96 125
105 125
107 125
112 125
77 126
88 126
109 126
23 127
114 127
3 128
14 128
20 128
24 128
29 128
31 128
37 128
50 128
53 128
69 128
71 128
74 128
81 128
90 128
91 128
108 128
119 128
2 129
5 129
30 129
32 129
33 129
36 129
62 129
73 129
80 129
82 129
95 129
21 130
34 130
39 130
52 130
53 130
58 130
62 130
67 130
68 130
72 130
85 130
89 130
92 130
115 130
123 130
9 131
22 131
46 131
56 131
60 131
77 131
78 131
88 131
109 131
126 131
41 132
104 132
3 133
14 133
20 133
24 133
29 133
31 133
37 133
50 133
53 133
69 133
71 133
74 133
81 133
90 133
91 133
108 133
119 133
128 133
2 134
1 135
4 135
27 135
51 135
59 135
111 135
118 135
21 136
34 136
39 136
52 136
53 136
58 136
62 136
67 136
68 136
72 136
85 136
89 136
92 136
115 136
123 136
130 136
3 137
14 137
20 137
24 137
29 137
31 137
37 137
50 137
53 137
69 137
71 137
74 137
81 137
90 137
91 137
108 137
119 137
128 137
133 137
13 138
61 138
3 139
14 139
20 139
24 139
29 139
31 139
37 139
50 139
53 139
69 139
71 139
74 139
81 139
90 139
91 139
108 139
119 139
128 139
133 139
137 139
47 140
57 141
4 142
6 142
10 142
18 142
28 142
42 142
43 142
49 142
55 142
94 142
101 142
103 142
105 142
106 142
116 142
2 143
5 143
30 143
32 143
33 143
36 143
62 143
73 143
80 143
82 143
95 143
129 143
11 144
45 144
96 144
105 144
107 144
112 144
125 144
26 145
21 146
34 146
39 146
52 146
53 146
58 146
62 146
67 146
68 146
72 146
85 146
89 146
92 146
115 146
123 146
130 146
136 146
21 148
34 148
39 148
52 148
53 148
58 148
62 148
67 148
68 148
72 148
85 148
89 148
92 148
115 148
123 148
130 148
136 148
146 148
9 149
22 149
46 149
56 149
60 149
78 149
131 149
3 150
14 150
20 150
24 150
29 150
31 150
37 150
50 150
53 150
69 150
71 150
74 150
81 150
90 150
91 150
108 150
119 150
128 150
133 150
137 150
139 150
2 151
5 151
30 151
32 151
33 151
36 151
62 151
73 151
80 151
82 151
95 151
129 151
143 151
2 152
3 152
14 152
15 152
17 152
20 152
24 152
26 152
29 152
31 152
37 152
38 152
44 152
48 152
50 152
53 152
54 152
63 152
69 152
70 152
71 152
74 152
75 152
77 152
81 152
88 152
90 152
91 152
100 152
108 152
109 152
110 152
119 152
124 152
126 152
128 152
131 152
133 152
137 152
139 152
145 152
150 152
77 153
88 153
109 153
126 153
131 153
152 153
86 154
98 154
31 155
65 155
101 155
8 156
3 157
14 157
20 157
24 157
29 157
31 157
37 157
50 157
53 157
69 157
71 157
74 157
81 157
90 157
91 157
108 157
119 157
128 157
133 157
137 157
139 157
147 157
150 157
152 157
2 158
5 158
30 158
32 158
33 158
36 158
62 158
73 158
80 158
82 158
95 158
129 158
143 158
151 158
7 159
59 159
113 159
3 160
14 160
20 160
24 160
29 160
31 160
37 160
50 160
53 160
69 160
71 160
74 160
81 160
90 160
91 160
108 160
119 160
128 160
133 160
137 160
139 160
150 160
152 160
157 160
3 161
14 161
20 161
24 161
29 161
31 161
37 161
50 161
53 161
69 161
71 161
74 161
81 161
90 161
91 161
108 161
119 161
128 161
133 161
137 161
139 161
150 161
152 161
157 161
160 161
16 162
71 162
2 163
5 163
23 163
30 163
32 163
33 163
36 163
62 163
73 163
80 163
82 163
95 163
114 163
127 163
129 163
143 163
151 163
158 163
3 164
14 164
20 164
24 164
29 164
31 164
37 164
50 164
53 164
69 164
71 164
74 164
81 164
90 164
91 164
108 164
119 164
128 164
133 164
137 164
139 164
150 164
152 164
157 164
160 164
161 164
54 165
70 165
110 165
152 165
21 166
34 166
39 166
52 166
53 166
58 166
62 166
67 166
68 166
72 166
85 166
89 166
92 166
115 166
123 166
130 166
136 166
146 166
148 166
4 167
28 167
42 167
103 167
106 167
142 167
2 169
5 169
30 169
32 169
33 169
36 169
62 169
73 169
80 169
82 169
95 169
129 169
143 169
151 169
158 169
163 169
26 170
3 171
14 171
20 171
24 171
29 171
31 171
37 171
50 171
53 171
69 171
71 171
74 171
81 171
90 171
91 171
108 171
119 171
128 171
133 171
137 171
139 171
150 171
152 171
157 171
160 171
161 171
164 171
4 172
6 172
10 172
18 172
43 172
49 172
55 172
91 172
94 172
101 172
142 172
2 173
5 173
30 173
32 173
33 173
36 173
62 173
73 173
80 173
82 173
95 173
129 173
143 173
151 173
158 173
163 173
169 173
4 174
6 174
10 174
18 174
43 174
49 174
55 174
91 174
94 174
101 174
142 174
172 174
2 175
5 175
30 175
32 175
33 175
36 175
62 175
73 175
80 175
82 175
95 175
129 175
143 175
151 175
158 175
163 175
169 175
173 175
40 176
101 176
120 176
25 177
76 177
87 177
117 177
21 178
34 178
39 178
52 178
53 178
58 178
62 178
67 178
68 178
72 178
85 178
89 178
92 178
115 178
123 178
130 178
136 178
146 178
148 178
166 178
3 179
14 179
20 179
24 179
29 179
31 179
37 179
50 179
53 179
69 179
71 179
74 179
81 179
90 179
91 179
105 179
108 179
116 179
119 179
128 179
133 179
137 179
139 179
142 179
150 179
152 179
157 179
160 179
161 179
164 179
171 179
168 180
2 181
8 181
15 181
17 181
38 181
44 181
48 181
63 181
75 181
100 181
124 181
152 181
156 181
11 182
21 182
34 182
39 182
45 182
52 182
53 182
58 182
62 182
67 182
68 182
72 182
85 182
89 182
92 182
96 182
105 182
107 182
112 182
115 182
123 182
125 182
130 182
136 182
144 182
146 182
148 182
166 182
178 182
4 183
6 183
10 183
18 183
43 183
49 183
55 183
91 183
94 183
101 183
142 183
172 183
174 183
16 184
35 184
71 184
102 184
162 184
40 185
101 185
120 185
176 185
31 186
65 186
86 186
98 186
101 186
154 186
155 186
3 187
14 187
20 187
24 187
29 187
31 187
37 187
50 187
53 187
69 187
71 187
74 187
81 187
90 187
91 187
108 187
119 187
128 187
133 187
137 187
139 187
150 187
152 187
157 187
160 187
161 187
164 187
171 187
179 187
3 188
14 188
20 188
24 188
29 188
31 188
37 188
47 188
50 188
53 188
54 188
69 188
70 188
71 188
74 188
81 188
90 188
91 188
108 188
110 188
119 188
128 188
133 188
137 188
139 188
140 188
150 188
152 188
157 188
160 188
161 188
164 188
165 188
171 188
179 188
187 188
105 189
116 189
142 189
179 189
7 190
59 190
113 190
159 190
21 191
34 191
39 191
52 191
53 191
58 191
62 191
67 191
68 191
72 191
85 191
89 191
92 191
115 191
123 191
130 191
136 191
146 191
148 191
166 191
178 191
182 191
26 192
145 192
44 193
152 193
54 194
70 194
110 194
152 194
165 194
188 194
21 195
34 195
39 195
52 195
53 195
58 195
62 195
67 195
68 195
72 195
85 195
89 195
92 195
115 195
123 195
130 195
136 195
146 195
148 195
166 195
178 195
182 195
191 195
2 196
15 196
17 196
38 196
44 196
48 196
63 196
75 196
100 196
124 196
152 196
181 196
77 197
88 197
109 197
126 197
131 197
152 197
153 197
3 198
14 198
20 198
24 198
29 198
31 198
37 198
50 198
53 198
64 198
66 198
69 198
71 198
74 198
81 198
83 198
90 198
91 198
108 198
119 198
128 198
133 198
137 198
139 198
150 198
152 198
157 198
160 198
161 198
164 198
171 198
179 198
187 198
188 198
7 199
59 199
113 199
159 199
190 199
4 200
6 200
10 200
18 200
21 200
34 200
39 200
43 200
49 200
52 200
53 200
55 200
57 200
58 200
62 200
67 200
68 200
72 200
85 200
89 200
91 200
92 200
94 200
101 200
115 200
123 200
130 200
136 200
141 200
146 200
148 200
166 200
172 200
174 200
178 200
182 200
183 200
191 200
195 200
12 201
21 202
34 202
39 202
52 202
53 202
58 202
62 202
67 202
68 202
72 202
85 202
89 202
92 202
115 202
123 202
130 202
136 202
146 202
148 202
166 202
178 202
182 202
191 202
195 202
200 202
25 203
76 203
87 203
117 203
177 203
25 204
76 204
87 204
117 204
177 204
203 204
4 205
6 205
10 205
18 205
43 205
49 205
55 205
91 205
94 205
101 205
142 205
172 205
174 205
183 205
200 205
4 206
28 206
42 206
103 206
106 206
142 206
167 206
21 207
34 207
39 207
52 207
53 207
58 207
62 207
67 207
68 207
72 207
85 207
89 207
92 207
115 207
123 207
130 207
136 207
146 207
148 207
166 207
178 207
182 207
191 207
195 207
200 207
202 207
59 208
71 208
99 208
121 208
122 208
13 209
61 209
138 209
31 210
64 210
66 210
69 210
83 210
198 210
4 211
6 211
10 211
18 211
43 211
49 211
55 211
91 211
94 211
101 211
142 211
172 211
174 211
183 211
200 211
205 211
143 212
4 213
28 213
42 213
103 213
106 213
142 213
167 213
206 213
21 214
34 214
39 214
52 214
53 214
58 214
62 214
67 214
68 214
72 214
85 214
89 214
92 214
115 214
123 214
130 214
136 214
146 214
148 214
166 214
178 214
182 214
191 214
195 214
200 214
202 214
207 214
7 215
59 215
113 215
159 215
190 215
199 215
21 216
34 216
39 216
52 216
53 216
58 216
62 216
67 216
68 216
72 216
85 216
89 216
92 216
115 216
123 216
130 216
136 216
146 216
148 216
166 216
178 216
182 216
191 216
195 216
200 216
202 216
207 216
214 216
3 217
14 217
20 217
24 217
29 217
31 217
37 217
50 217
53 217
69 217
71 217
74 217
81 217
90 217
91 217
108 217
119 217
128 217
133 217
137 217
139 217
150 217
152 217
157 217
160 217
161 217
164 217
171 217
179 217
187 217
188 217
198 217
9 218
22 218
46 218
56 218
60 218
78 218
131 218
149 218
4 219
28 219
42 219
103 219
106 219
142 219
167 219
206 219
213 219
2 220
5 220
30 220
32 220
33 220
36 220
62 220
73 220
80 220
82 220
95 220
129 220
143 220
151 220
158 220
163 220
169 220
173 220
175 220
1 221
4 221
27 221
51 221
59 221
111 221
118 221
135 221
11 222
45 222
96 222
105 222
107 222
112 222
125 222
144 222
168 222
180 222
182 222
13 223
61 223
138 223
209 223
13 224
61 224
138 224
209 224
223 224
11 225
45 225
47 225
96 225
105 225
107 225
112 225
125 225
140 225
144 225
182 225
188 225
222 225
59 226
79 226
84 226
93 226
97 226
31 227
65 227
101 227
155 227
186 227
21 228
34 228
39 228
52 228
53 228
58 228
62 228
67 228
68 228
72 228
85 228
89 228
92 228
115 228
123 228
130 228
136 228
146 228
148 228
166 228
178 228
182 228
191 228
195 228
200 228
202 228
207 228
214 228
216 228
59 229
71 229
99 229
121 229
122 229
208 229
40 230
41 230
59 230
79 230
84 230
93 230
97 230
101 230
104 230
120 230
132 230
176 230
185 230
226 230
2 231
5 231
30 231
32 231
33 231
36 231
62 231
73 231
80 231
82 231
95 231
129 231
143 231
151 231
158 231
163 231
169 231
173 231
175 231
220 231
35 232
102 232
184 232
4 233
6 233
10 233
18 233
28 233
42 233
43 233
49 233
55 233
94 233
101 233
103 233
106 233
142 233
167 233
172 233
174 233
183 233
205 233
206 233
211 233
213 233
219 233
1 234
4 234
27 234
51 234
59 234
111 234
118 234
135 234
221 234
3 235
14 235
20 235
24 235
29 235
31 235
37 235
50 235
53 235
69 235
71 235
74 235
81 235
90 235
91 235
108 235
119 235
128 235
133 235
137 235
139 235
150 235
152 235
157 235
160 235
161 235
164 235
171 235
179 235
187 235
188 235
198 235
217 235
54 236
70 236
110 236
152 236
165 236
188 236
194 236
4 237
6 237
10 237
18 237
43 237
49 237
55 237
91 237
94 237
101 237
142 237
172 237
174 237
183 237
200 237
205 237
211 237
233 237
4 238
28 238
42 238
103 238
106 238
142 238
167 238
206 238
213 238
219 238
233 238
31 239
65 239
101 239
155 239
186 239
227 239
3 240
14 240
20 240
24 240
29 240
31 240
37 240
50 240
53 240
69 240
71 240
74 240
81 240
90 240
91 240
108 240
119 240
128 240
133 240
137 240
139 240
150 240
152 240
157 240
160 240
161 240
164 240
171 240
179 240
187 240
188 240
198 240
217 240
235 240
2 241
5 241
30 241
32 241
33 241
36 241
62 241
73 241
80 241
82 241
95 241
129 241
143 241
151 241
158 241
163 241
169 241
173 241
175 241
220 241
231 241
3 242
14 242
20 242
21 242
24 242
29 242
31 242
34 242
37 242
39 242
50 242
52 242
53 242
58 242
62 242
67 242
68 242
69 242
71 242
72 242
74 242
81 242
85 242
89 242
90 242
91 242
92 242
108 242
115 242
119 242
123 242
128 242
130 242
133 242
136 242
137 242
139 242
146 242
148 242
150 242
152 242
157 242
160 242
161 242
164 242
166 242
171 242
178 242
179 242
182 242
187 242
188 242
191 242
195 242
198 242
200 242
202 242
207 242
214 242
216 242
217 242
228 242
235 242
240 242
3 243
14 243
20 243
24 243
29 243
31 243
37 243
50 243
53 243
69 243
71 243
74 243
81 243
90 243
91 243
108 243
119 243
128 243
133 243
137 243
139 243
150 243
152 243
157 243
160 243
161 243
164 243
171 243
179 243
187 243
188 243
198 243
217 243
235 243
240 243
242 243
2 244
15 244
17 244
38 244
44 244
48 244
59 244
63 244
71 244
75 244
99 244
100 244
121 244
122 244
124 244
152 244
181 244
196 244
208 244
229 244
4 245
28 245
42 245
103 245
106 245
142 245
167 245
206 245
213 245
219 245
233 245
238 245
4 246
28 246
42 246
103 246
106 246
142 246
167 246
206 246
213 246
219 246
233 246
238 246
245 246
3 247
14 247
20 247
24 247
29 247
31 247
37 247
50 247
53 247
64 247
66 247
69 247
71 247
74 247
81 247
83 247
90 247
91 247
108 247
119 247
128 247
133 247
137 247
139 247
150 247
152 247
157 247
160 247
161 247
164 247
171 247
179 247
187 247
188 247
198 247
210 247
217 247
235 247
240 247
242 247
243 247
4 248
6 248
10 248
18 248
43 248
49 248
55 248
91 248
94 248
101 248
142 248
172 248
174 248
183 248
200 248
205 248
211 248
233 248
237 248
1 249
4 249
27 249
51 249
59 249
111 249
118 249
135 249
221 249
234 249
2 250
15 250
17 250
38 250
44 250
48 250
63 250
75 250
100 250
124 250
152 250
181 250
196 250
244 250
4 251
6 251
10 251
18 251
28 251
42 251
43 251
49 251
55 251
94 251
101 251
103 251
106 251
142 251
167 251
172 251
174 251
183 251
205 251
206 251
211 251
213 251
219 251
233 251
237 251
238 251
245 251
246 251
248 251
11 252
45 252
47 252
96 252
105 252
107 252
112 252
116 252
125 252
140 252
142 252
144 252
179 252
182 252
188 252
189 252
222 252
225 252
1 253
4 253
27 253
51 253
59 253
111 253
118 253
135 253
221 253
234 253
249 253
4 254
28 254
42 254
103 254
106 254
142 254
167 254
206 254
213 254
219 254
233 254
238 254
245 254
246 254
251 254
21 255
34 255
39 255
52 255
53 255
58 255
62 255
67 255
68 255
72 255
85 255
89 255
92 255
115 255
123 255
130 255
136 255
146 255
148 255
166 255
178 255
182 255
191 255
195 255
200 255
202 255
207 255
214 255
216 255
228 255
242 255
25 256
76 256
87 256
117 256
177 256
203 256
204 256
3 257
14 257
20 257
24 257
25 257
29 257
31 257
37 257
50 257
53 257
65 257
69 257
71 257
74 257
76 257
81 257
87 257
90 257
91 257
101 257
108 257
117 257
119 257
128 257
133 257
137 257
139 257
150 257
152 257
155 257
157 257
160 257
161 257
164 257
171 257
177 257
179 257
186 257
187 257
188 257
198 257
203 257
204 257
217 257
227 257
235 257
239 257
240 257
242 257
243 257
247 257
256 257
77 258
88 258
109 258
126 258
131 258
152 258
153 258
197 258
1 259
4 259
27 259
51 259
59 259
111 259
118 259
135 259
221 259
234 259
249 259
253 259
26 260
145 260
152 260
170 260
3 261
14 261
20 261
24 261
29 261
31 261
37 261
50 261
53 261
69 261
71 261
74 261
81 261
90 261
91 261
108 261
119 261
128 261
133 261
137 261
139 261
150 261
152 261
157 261
160 261
161 261
164 261
171 261
179 261
187 261
188 261
198 261
217 261
235 261
240 261
242 261
243 261
247 261
257 261
3 262
14 262
20 262
24 262
29 262
31 262
37 262
50 262
53 262
64 262
66 262
69 262
71 262
74 262
81 262
83 262
90 262
91 262
108 262
119 262
128 262
133 262
137 262
139 262
150 262
152 262
157 262
160 262
161 262
164 262
171 262
179 262
187 262
188 262
198 262
210 262
217 262
235 262
240 262
242 262
243 262
247 262
257 262
261 262
2 263
5 263
30 263
32 263
33 263
36 263
62 263
73 263
80 263
82 263
95 263
129 263
143 263
151 263
158 263
163 263
169 263
173 263
175 263
220 263
231 263
241 263
3 264
14 264
20 264
24 264
29 264
31 264
37 264
50 264
53 264
69 264
71 264
74 264
81 264
90 264
91 264
108 264
119 264
128 264
133 264
137 264
139 264
150 264
152 264
157 264
160 264
161 264
164 264
171 264
179 264
187 264
188 264
198 264
217 264
235 264
240 264
242 264
243 264
247 264
257 264
261 264
262 264
59 265
79 265
84 265
93 265
97 265
226 265
230 265
13 266
21 266
34 266
39 266
52 266
53 266
58 266
61 266
62 266
67 266
68 266
72 266
85 266
89 266
92 266
115 266
123 266
130 266
136 266
138 266
146 266
148 266
166 266
178 266
182 266
191 266
195 266
200 266
202 266
207 266
209 266
214 266
216 266
223 266
224 266
228 266
242 266
255 266
31 267
65 267
101 267
155 267
186 267
227 267
239 267
257 267
54 268
70 268
110 268
152 268
165 268
188 268
194 268
236 268
2 269
15 269
17 269
38 269
44 269
48 269
63 269
75 269
100 269
124 269
152 269
181 269
196 269
244 269
250 269
54 270
70 270
110 270
152 270
165 270
188 270
194 270
236 270
268 270
2 271
15 271
17 271
38 271
44 271
48 271
63 271
75 271
100 271
124 271
152 271
181 271
196 271
244 271
250 271
269 271
21 272
34 272
39 272
52 272
53 272
58 272
62 272
67 272
68 272
72 272
85 272
89 272
92 272
115 272
123 272
130 272
136 272
146 272
148 272
166 272
178 272
182 272
191 272
195 272
200 272
202 272
207 272
214 272
216 272
228 272
242 272
255 272
266 272
2 273
15 273
17 273
38 273
44 273
48 273
63 273
75 273
100 273
124 273
152 273
181 273
196 273
244 273
250 273
269 273
271 273
13 274
61 274
138 274
209 274
223 274
224 274
266 274
21 275
34 275
39 275
52 275
53 275
58 275
62 275
67 275
68 275
72 275
85 275
89 275
92 275
115 275
123 275
130 275
136 275
146 275
148 275
166 275
178 275
182 275
191 275
195 275
200 275
202 275
207 275
214 275
216 275
228 275
242 275
255 275
266 275
272 275
3 276
14 276
20 276
24 276
29 276
31 276
37 276
50 276
53 276
69 276
71 276
74 276
81 276
90 276
91 276
108 276
119 276
128 276
133 276
137 276
139 276
150 276
152 276
157 276
160 276
161 276
164 276
171 276
179 276
187 276
188 276
198 276
217 276
235 276
240 276
242 276
243 276
247 276
257 276
261 276
262 276
264 276
3 277
14 277
20 277
24 277
29 277
31 277
37 277
50 277
53 277
69 277
71 277
74 277
81 277
90 277
91 277
108 277
119 277
128 277
133 277
137 277
139 277
150 277
152 277
157 277
160 277
161 277
164 277
171 277
179 277
187 277
188 277
198 277
217 277
235 277
240 277
242 277
243 277
247 277
257 277
261 277
262 277
264 277
276 277
3 278
8 278
14 278
20 278
24 278
29 278
31 278
37 278
50 278
53 278
54 278
69 278
70 278
71 278
74 278
81 278
90 278
91 278
105 278
108 278
110 278
116 278
119 278
128 278
133 278
137 278
139 278
142 278
150 278
152 278
156 278
157 278
160 278
161 278
164 278
165 278
171 278
179 278
181 278
187 278
188 278
189 278
194 278
198 278
217 278
235 278
236 278
240 278
242 278
243 278
247 278
252 278
257 278
261 278
262 278
264 278
268 278
270 278
276 278
277 278
3 279
14 279
20 279
24 279
29 279
31 279
37 279
50 279
53 279
69 279
71 279
74 279
81 279
90 279
91 279
108 279
119 279
128 279
133 279
137 279
139 279
150 279
152 279
157 279
160 279
161 279
164 279
171 279
179 279
187 279
188 279
198 279
217 279
235 279
240 279
242 279
243 279
247 279
257 279
261 279
262 279
264 279
276 279
277 279
278 279
31 280
65 280
101 280
155 280
186 280
227 280
239 280
257 280
267 280
21 281
34 281
39 281
52 281
53 281
58 281
62 281
67 281
68 281
72 281
85 281
89 281
92 281
115 281
123 281
130 281
136 281
146 281
148 281
166 281
178 281
182 281
191 281
195 281
200 281
202 281
207 281
214 281
216 281
228 281
242 281
255 281
266 281
272 281
275 281
21 282
34 282
39 282
52 282
53 282
58 282
62 282
67 282
68 282
72 282
85 282
89 282
92 282
115 282
123 282
130 282
136 282
146 282
148 282
166 282
178 282
182 282
191 282
195 282
200 282
202 282
207 282
214 282
216 282
228 282
242 282
255 282
266 282
272 282
275 282
281 282
1 283
4 283
27 283
51 283
59 283
111 283
118 283
135 283
221 283
234 283
249 283
253 283
259 283
2 284
12 284
134 284
201 284
2 285
5 285
30 285
32 285
33 285
36 285
62 285
73 285
80 285
82 285
95 285
129 285
143 285
151 285
158 285
163 285
169 285
173 285
175 285
220 285
231 285
241 285
263 285
2 286
15 286
17 286
38 286
44 286
48 286
63 286
75 286
100 286
124 286
152 286
181 286
196 286
244 286
250 286
269 286
271 286
273 286
3 287
14 287
20 287
24 287
29 287
31 287
37 287
50 287
53 287
69 287
71 287
74 287
81 287
90 287
91 287
108 287
119 287
128 287
133 287
137 287
139 287
150 287
152 287
157 287
160 287
161 287
164 287
171 287
179 287
187 287
188 287
198 287
217 287
235 287
240 287
242 287
243 287
247 287
257 287
261 287
262 287
264 287
276 287
277 287
278 287
279 287
4 288
28 288
42 288
103 288
106 288
142 288
167 288
206 288
213 288
219 288
233 288
238 288
245 288
246 288
251 288
254 288
7 289
59 289
113 289
159 289
190 289
199 289
215 289
9 290
22 290
46 290
56 290
60 290
78 290
131 290
149 290
218 290
11 291
45 291
96 291
105 291
107 291
112 291
125 291
144 291
182 291
222 291
225 291
252 291
13 292
61 292
138 292
209 292
223 292
224 292
266 292
274 292
16 293
35 293
71 293
102 293
162 293
184 293
232 293
21 294
34 294
39 294
52 294
53 294
58 294
62 294
67 294
68 294
72 294
85 294
89 294
92 294
115 294
123 294
130 294
136 294
146 294
148 294
166 294
178 294
182 294
191 294
195 294
200 294
202 294
207 294
214 294
216 294
228 294
242 294
255 294
266 294
272 294
275 294
281 294
282 294
23 295
114 295
127 295
163 295
26 296
145 296
192 296
26 297
170 297
260 297
26 298
44 298
145 298
152 298
193 298
260 298
31 299
64 299
66 299
69 299
83 299
198 299
210 299
247 299
262 299
31 300
65 300
101 300
155 300
186 300
227 300
239 300
257 300
267 300
280 300
40 301
101 301
120 301
176 301
185 301
230 301
47 302
140 302
188 302
225 302
252 302
59 303
79 303
84 303
93 303
97 303
226 303
230 303
265 303
77 304
88 304
109 304
126 304
131 304
152 304
153 304
197 304
258 304
86 305
98 305
154 305
186 305
143 306
212 306
147 307
157 307
168 308
180 308
222 308
230 309
