2 4
2 5
9 11
12 13
12 14
13 14
19 20
24 25
2 32
31 34
35 36
2 38
39 40
8 41
2 47
4 47
51 52
44 53
10 54
18 55
54 55
18 56
54 56
55 56
54 57
33 60
10 64
2 65
10 67
10 68
67 68
37 69
6 71
15 71
49 72
54 72
57 72
70 72
52 74
54 75
43 77
10 78
10 79
26 79
78 79
36 85
39 85
40 85
73 85
85 86
2 87
65 87
17 88
1 90
52 91
74 91
49 92
6 93
15 93
71 93
36 97
96 97
27 101
99 101
103 104
105 106
49 107
72 107
44 108
6 109
52 109
71 109
74 109
91 109
93 109
49 111
113 114
35 116
36 116
54 122
57 122
72 122
115 123
122 123
10 124
64 124
119 125
112 126
127 128
10 132
76 134
94 138
117 139
107 140
82 141
119 141
125 141
10 142
78 142
79 142
123 143
24 144
25 144
54 145
130 145
130 146
145 146
85 147
10 148
78 148
79 148
142 148
58 150
60 151
10 152
78 152
79 152
142 152
148 152
101 155
54 156
143 158
145 159
89 160
24 161
25 161
144 161
15 162
71 162
93 162
103 164
104 164
36 167
85 167
149 167
15 168
71 168
93 168
162 168
2 169
38 169
73 172
85 172
26 173
79 173
29 177
29 178
177 178
36 181
85 181
167 181
83 183
136 183
171 183
54 186
75 186
96 188
97 188
2 190
157 191
3 193
157 193
191 193
193 195
194 195
94 198
138 198
197 198
62 199
45 200
2 202
10 203
78 203
79 203
142 203
148 203
152 203
10 204
78 204
79 204
142 204
148 204
152 204
203 204
209 210
60 211
151 211
52 212
52 213
212 213
43 216
77 216
81 217
199 217
110 218
39 219
40 219
85 219
96 219
97 219
188 219
59 221
149 222
167 222
127 224
128 224
15 225
71 225
93 225
162 225
168 225
198 227
81 228
217 228
101 229
155 229
60 234
193 236
199 236
85 240
86 240
158 240
129 241
17 242
17 244
88 244
58 245
150 245
17 246
208 246
242 246
52 247
74 247
91 247
109 247
103 248
31 250
34 250
10 251
174 252
54 253
145 253
10 254
64 254
124 254
2 255
4 255
47 255
2 256
4 256
47 256
255 256
10 258
64 258
124 258
254 258
17 259
42 259
88 259
244 259
257 259
172 262
182 262
110 263
54 265
264 265
264 266
265 266
8 267
41 267
42 267
259 267
2 268
180 269
18 270
55 270
56 270
54 271
55 271
56 271
265 271
2 272
43 272
77 272
216 272
226 272
2 273
190 273
226 273
15 274
71 274
93 274
162 274
168 274
225 274
110 275
2 277
101 279
155 279
229 279
105 281
106 281
276 282
36 284
205 285
45 286
2 287
249 288
215 290
35 291
36 291
116 291
196 292
36 293
172 294
262 294
79 295
10 296
78 296
79 296
142 296
148 296
152 296
184 296
203 296
204 296
10 297
78 297
79 297
142 297
148 297
152 297
203 297
204 297
296 297
60 298
163 299
238 299
12 300
89 300
160 300
1 301
12 301
17 301
88 301
238 301
244 301
259 301
299 301
300 301
36 302
291 302
2 303
190 303
273 303
101 304
155 304
229 304
279 304
101 305
155 305
229 305
279 305
304 305
10 308
58 308
78 308
79 308
142 308
148 308
150 308
152 308
203 308
204 308
215 308
245 308
290 308
296 308
297 308
230 309
261 310
52 311
74 311
91 311
109 311
247 311
21 312
36 313
200 314
102 318
2 319
44 319
53 319
102 319
108 319
117 319
129 319
139 319
190 319
241 319
272 319
273 319
303 319
318 319
193 320
199 321
2 322
4 322
47 322
255 322
256 322
2 323
5 323
190 323
273 323
303 323
319 323
60 324
141 324
235 324
30 325
54 325
15 326
71 326
93 326
162 326
168 326
225 326
274 326
10 327
64 327
124 327
254 327
258 327
174 328
252 328
49 329
135 330
135 331
330 331
10 334
251 334
199 335
236 335
29 336
177 336
178 336
49 337
111 337
193 338
236 338
46 341
95 341
192 341
196 341
276 341
282 341
292 341
298 341
101 342
155 342
229 342
279 342
304 342
305 342
156 343
110 345
275 345
129 347
241 347
319 347
199 348
348 349
50 352
54 352
57 352
72 352
118 352
122 352
94 353
118 353
138 353
198 353
249 353
288 353
352 353
81 354
217 354
228 354
149 355
167 355
222 355
17 356
88 356
244 356
259 356
301 356
2 357
4 357
47 357
255 357
256 357
322 357
19 360
20 360
23 360
37 360
69 360
105 360
106 360
119 360
125 360
141 360
281 360
358 360
359 360
23 361
105 361
106 361
281 361
360 361
63 362
119 362
125 362
141 362
233 362
360 362
19 363
20 363
360 363
94 364
138 364
198 364
353 364
52 365
74 365
91 365
109 365
247 365
311 365
199 366
315 366
54 368
55 368
271 368
52 369
74 369
91 369
109 369
136 369
183 369
247 369
311 369
326 369
365 369
237 370
260 370
289 370
333 370
360 371
200 372
314 372
30 373
325 373
44 374
53 374
117 374
139 374
319 374
16 375
377 378
377 379
378 379
17 380
45 380
200 380
242 380
246 380
15 381
28 381
51 381
52 381
54 381
57 381
71 381
72 381
74 381
91 381
93 381
109 381
122 381
136 381
154 381
162 381
168 381
183 381
225 381
232 381
247 381
274 381
311 381
326 381
352 381
365 381
369 381
348 382
206 383
182 387
262 387
10 388
251 388
334 388
44 389
108 389
319 389
10 391
78 391
79 391
142 391
148 391
152 391
203 391
204 391
296 391
297 391
308 391
101 392
155 392
229 392
279 392
304 392
305 392
342 392
358 393
359 393
360 393
49 394
329 394
2 395
190 395
193 395
236 395
273 395
303 395
319 395
323 395
338 395
381 395
110 396
275 396
345 396
114 397
384 397
43 399
77 399
216 399
272 399
43 400
77 400
216 400
272 400
399 400
43 401
77 401
216 401
272 401
399 401
400 401
51 402
52 402
381 402
163 403
299 403
2 404
52 404
74 404
91 404
109 404
247 404
311 404
365 404
369 404
381 404
60 406
234 406
60 407
298 407
340 409
408 409
408 410
409 410
36 411
291 411
302 411
110 412
275 412
345 412
396 412
42 414
259 414
267 414
366 415
333 416
370 416
174 417
252 417
328 417
22 418
165 418
220 418
7 419
59 420
221 420
192 421
341 421
16 422
172 422
375 422
2 423
38 423
169 423
119 424
125 424
141 424
360 424
362 424
94 425
138 425
198 425
353 425
364 425
60 426
137 426
298 426
339 426
407 426
2 427
190 427
273 427
303 427
319 427
323 427
395 427
358 428
360 428
361 428
393 428
94 429
138 429
198 429
353 429
364 429
425 429
166 430
101 431
155 431
229 431
279 431
304 431
305 431
342 431
392 431
8 432
41 432
267 432
192 433
333 433
341 433
370 433
416 433
421 433
386 434
260 435
370 435
94 436
138 436
198 436
353 436
364 436
425 436
429 436
7 438
419 438
94 439
138 439
198 439
353 439
364 439
425 439
429 439
436 439
426 440
120 441
381 442
395 442
426 443
426 444
443 444
18 445
55 445
56 445
270 445
2 446
59 447
221 447
420 447
6 448
15 448
52 448
71 448
74 448
91 448
93 448
109 448
133 448
162 448
168 448
199 448
225 448
247 448
274 448
311 448
326 448
365 448
369 448
381 448
404 448
2 449
190 449
273 449
303 449
319 449
323 449
395 449
427 449
2 450
5 450
323 450
451 453
452 453
278 454
60 455
324 455
60 456
151 456
211 456
301 457
325 458
308 459
424 460
49 461
72 461
107 461
140 461
17 462
88 462
237 462
244 462
259 462
301 462
331 462
356 462
370 462
72 463
214 463
386 464
434 464
52 465
212 465
213 465
308 466
459 466
10 467
64 467
124 467
254 467
258 467
327 467
96 469
97 469
188 469
219 469
36 470
85 470
167 470
181 470
207 471
462 471
30 472
325 472
373 472
129 473
241 473
319 473
347 473
30 474
325 474
373 474
472 474
2 475
268 475
408 476
409 476
410 476
54 477
57 477
72 477
122 477
352 477
381 477
54 478
57 478
72 478
122 478
123 478
307 478
352 478
381 478
453 478
477 478
17 481
21 481
127 481
128 481
131 481
224 481
242 481
246 481
380 481
209 482
210 482
44 483
108 483
319 483
389 483
43 484
77 484
216 484
272 484
399 484
400 484
401 484
199 485
217 485
10 486
64 486
124 486
254 486
258 486
327 486
467 486
10 487
64 487
124 487
254 487
258 487
327 487
467 487
486 487
208 488
246 488
9 490
11 490
21 490
29 490
66 490
177 490
178 490
312 490
336 490
390 490
489 490
49 491
72 491
437 492
171 493
183 493
137 494
426 494
125 495
12 496
13 496
14 496
7 497
419 497
438 497
200 498
314 498
372 498
233 499
362 499
94 501
138 501
198 501
353 501
364 501
425 501
429 501
436 501
439 501
2 502
190 502
273 502
303 502
319 502
323 502
395 502
427 502
449 502
479 502
479 503
502 503
199 504
15 505
71 505
93 505
162 505
168 505
225 505
274 505
326 505
381 505
448 505
45 506
286 506
344 506
10 507
67 507
68 507
18 508
55 508
56 508
270 508
445 508
12 509
36 510
291 510
302 510
411 510
54 511
57 511
72 511
122 511
307 511
352 511
381 511
453 511
477 511
478 511
407 512
453 513
398 514
129 515
241 515
319 515
347 515
473 515
121 516
185 516
398 516
413 516
462 516
514 516
2 517
272 517
319 517
165 518
418 518
29 519
177 519
178 519
336 519
490 519
10 521
67 521
68 521
507 521
62 523
199 523
316 523
377 523
378 523
379 523
172 524
319 525
2 526
268 526
475 526
145 527
117 528
139 528
319 528
374 528
117 529
139 529
319 529
374 529
528 529
110 530
175 531
176 531
298 531
341 531
103 532
248 532
278 533
454 533
6 534
71 534
93 534
109 534
448 534
157 536
191 536
193 536
386 537
434 537
464 537
170 538
220 538
398 539
514 539
516 539
110 540
218 540
2 541
5 541
323 541
450 541
60 542
234 542
406 542
391 543
15 544
71 544
93 544
162 544
168 544
225 544
274 544
326 544
381 544
448 544
505 544
24 545
25 545
144 545
161 545
2 546
446 546
70 547
72 547
119 548
125 548
141 548
360 548
362 548
424 548
208 549
246 549
488 549
205 550
285 550
28 551
369 551
381 551
479 551
502 551
503 551
52 552
212 552
213 552
465 552
206 553
383 553
200 554
314 554
372 554
498 554
192 555
341 555
421 555
433 555
182 556
262 556
387 556
2 557
5 557
323 557
450 557
541 557
79 558
295 558
200 560
314 560
372 560
498 560
554 560
81 562
217 562
228 562
354 562
156 563
343 563
319 564
525 564
129 565
241 565
319 565
347 565
473 565
515 565
117 566
139 566
319 566
374 566
528 566
529 566
49 567
329 567
394 567
45 568
286 568
506 568
110 569
110 570
201 570
569 570
31 572
34 572
72 572
250 572
52 573
74 573
91 573
109 573
217 573
247 573
311 573
365 573
369 573
381 573
404 573
448 573
26 574
79 574
173 574
49 575
329 575
394 575
567 575
171 576
183 576
493 576
54 577
265 577
271 577
278 578
385 578
454 578
533 578
571 578
366 579
415 579
46 580
341 580
366 581
415 581
579 581
6 582
71 582
93 582
109 582
448 582
534 582
7 583
419 583
438 583
497 583
51 584
52 584
381 584
402 584
559 584
220 585
49 586
329 586
394 586
567 586
575 586
110 587
204 587
569 587
198 588
227 588
249 589
288 589
353 589
366 590
415 590
579 590
581 590
442 591
44 592
53 592
319 592
374 592
153 593
45 594
84 594
153 594
200 594
205 594
285 594
380 594
408 594
409 594
410 594
476 594
550 594
593 594
2 595
202 595
2 596
190 596
273 596
303 596
319 596
323 596
395 596
427 596
449 596
502 596
59 597
221 597
420 597
447 597
351 598
301 599
2 600
190 600
273 600
303 600
319 600
323 600
395 600
427 600
449 600
502 600
596 600
199 601
479 601
502 601
503 601
551 601
490 602
117 603
139 603
319 603
374 603
528 603
529 603
566 603
117 604
139 604
319 604
374 604
528 604
529 604
566 604
603 604
156 605
343 605
563 605
281 606
101 607
155 607
229 607
279 607
304 607
305 607
342 607
392 607
431 607
101 608
155 608
229 608
279 608
304 608
305 608
342 608
392 608
431 608
607 608
200 609
48 610
231 611
346 611
43 612
77 612
216 612
272 612
399 612
400 612
401 612
484 612
192 613
341 613
421 613
433 613
555 613
54 614
98 615
179 615
209 616
210 616
220 616
231 616
418 616
482 616
611 616
615 616
231 617
611 617
616 617
36 618
97 618
52 619
212 619
213 619
465 619
552 619
199 621
366 621
415 621
579 621
581 621
590 621
620 621
408 622
409 622
410 622
476 622
594 622
408 623
409 623
410 623
476 623
594 623
622 623
16 624
375 624
422 624
2 625
100 625
112 625
272 625
283 625
319 625
517 625
317 626
531 627
54 628
1 629
52 630
54 630
57 630
72 630
74 630
83 630
91 630
109 630
122 630
183 630
187 630
247 630
311 630
317 630
352 630
365 630
369 630
376 630
381 630
404 630
448 630
477 630
478 630
511 630
573 630
309 631
480 631
578 631
21 632
312 632
490 632
94 633
138 633
198 633
353 633
364 633
425 633
429 633
436 633
439 633
501 633
94 634
138 634
198 634
353 634
364 634
425 634
429 634
436 634
439 634
501 634
633 634
152 635
52 636
212 636
213 636
465 636
552 636
619 636
480 637
631 637
309 638
631 638
358 639
360 639
393 639
428 639
641 642
103 643
2 644
287 644
29 645
177 645
178 645
336 645
490 645
519 645
340 646
409 646
73 647
85 647
172 647
12 648
509 648
28 649
48 649
54 649
57 649
61 649
72 649
83 649
122 649
183 649
352 649
369 649
381 649
395 649
442 649
477 649
478 649
506 649
511 649
551 649
610 649
630 649
2 650
237 651
370 651
462 651
522 652
59 653
221 653
222 653
386 653
420 653
434 653
447 653
464 653
537 653
597 653
386 654
434 654
464 654
537 654
653 654
222 655
653 655
105 656
106 656
281 656
360 656
361 656
199 657
641 657
642 657
424 658
199 659
448 659
94 660
138 660
198 660
353 660
364 660
425 660
429 660
436 660
439 660
501 660
633 660
634 660
319 661
62 662
80 662
103 662
189 662
193 662
199 662
236 662
338 662
348 662
381 662
395 662
442 662
523 662
649 662
182 663
262 663
387 663
556 663
319 664
525 664
564 664
661 664
319 665
230 666
309 666
215 667
290 667
308 667
7 668
89 668
160 668
166 668
206 668
300 668
301 668
350 668
383 668
419 668
430 668
438 668
457 668
497 668
553 668
583 668
125 669
252 670
367 670
174 671
223 671
252 671
328 671
367 671
417 671
670 671
52 672
212 672
213 672
465 672
552 672
619 672
636 672
200 673
314 673
372 673
498 673
554 673
560 673
54 674
57 674
72 674
122 674
352 674
381 674
477 674
478 674
511 674
630 674
649 674
220 675
418 675
615 675
616 675
615 676
616 676
98 677
179 677
220 677
418 677
615 677
616 677
675 677
12 678
300 678
301 678
94 679
138 679
198 679
353 679
364 679
425 679
429 679
436 679
439 679
501 679
633 679
634 679
660 679
145 680
527 680
239 681
198 682
227 682
588 682
485 683
60 684
234 684
406 684
542 684
226 685
273 685
1 686
249 687
288 687
353 687
589 687
96 689
97 689
188 689
219 689
469 689
31 690
34 690
250 690
572 690
230 691
309 691
666 691
24 692
25 692
42 692
144 692
161 692
259 692
267 692
280 692
414 692
545 692
346 693
561 693
611 693
625 693
462 694
289 695
370 695
76 696
134 696
522 696
652 696
2 697
5 697
323 697
450 697
541 697
557 697
331 698
49 699
329 699
394 699
567 699
575 699
586 699
272 700
45 701
286 701
506 701
568 701
2 702
287 702
644 702
54 703
57 703
72 703
122 703
352 703
381 703
453 703
477 703
478 703
511 703
630 703
649 703
674 703
54 704
57 704
72 704
122 704
352 704
381 704
477 704
478 704
511 704
630 704
649 704
674 704
703 704
27 705
54 705
57 705
72 705
101 705
122 705
352 705
381 705
477 705
478 705
511 705
630 705
649 705
674 705
703 705
704 705
54 706
57 706
72 706
122 706
352 706
381 706
477 706
478 706
511 706
630 706
649 706
674 706
703 706
704 706
705 706
54 707
57 707
72 707
122 707
352 707
381 707
477 707
478 707
511 707
630 707
649 707
674 707
703 707
704 707
705 707
706 707
21 708
312 708
405 708
490 708
632 708
192 709
341 709
421 709
433 709
555 709
613 709
2 710
4 710
47 710
255 710
256 710
322 710
357 710
2 711
190 711
273 711
303 711
319 711
323 711
395 711
427 711
449 711
502 711
596 711
600 711
9 712
11 712
490 712
602 712
348 713
382 713
21 714
481 714
99 715
101 715
54 716
55 716
271 716
368 716
110 717
185 717
218 717
437 717
462 717
492 717
516 717
540 717
717 718
172 719
262 719
294 719
172 720
262 720
294 720
719 720
123 721
143 721
319 722
525 722
564 722
664 722
665 722
319 723
665 723
722 723
15 724
71 724
93 724
162 724
168 724
225 724
274 724
326 724
381 724
448 724
505 724
544 724
18 725
55 725
56 725
270 725
445 725
508 725
36 726
85 726
167 726
181 726
284 726
310 726
313 726
332 726
470 726
688 726
119 727
125 727
141 727
360 727
362 727
424 727
548 727
594 728
662 729
60 730
234 730
406 730
542 730
684 730
6 731
71 731
93 731
109 731
448 731
534 731
582 731
615 732
616 732
675 732
2 733
38 733
169 733
423 733
60 734
151 734
211 734
456 734
127 735
128 735
224 735
481 735
100 736
243 736
283 736
625 736
243 737
736 737
54 738
57 738
72 738
122 738
154 738
193 738
320 738
352 738
381 738
477 738
478 738
511 738
630 738
649 738
674 738
703 738
704 738
705 738
706 738
707 738
17 739
59 739
88 739
221 739
244 739
257 739
259 739
301 739
356 739
420 739
447 739
462 739
597 739
653 739
103 740
248 740
532 740
17 741
76 741
100 741
114 741
180 741
220 741
242 741
246 741
298 741
306 741
351 741
356 741
367 741
380 741
397 741
468 741
481 741
500 741
531 741
535 741
585 741
598 741
599 741
625 741
631 741
640 741
736 741
94 742
138 742
198 742
353 742
364 742
425 742
429 742
436 742
439 742
501 742
633 742
634 742
660 742
679 742
174 743
252 743
328 743
417 743
671 743
120 744
441 744
477 744
520 744
538 745
2 746
5 746
323 746
450 746
541 746
557 746
697 746
239 747
625 747
681 747
59 748
221 748
420 748
447 748
597 748
653 748
739 748
145 749
527 749
680 749
107 750
350 751
668 751
215 752
290 752
308 752
667 752
193 753
198 754
227 754
588 754
682 754
