1 387
1 396
1 452
2 3554
2 3587
2 3588
2 3638
3 3584
4 4931
5 89
6 14
6 121
7 9
8 9
9 10
10 11
10 62
10 76
10 206
10 209
11 51
12 95
12 126
13 14
14 15
14 16
14 84
15 17
15 18
15 30
15 148
19 20
19 191
20 21
20 131
21 200
22 52
22 177
23 4446
24 4447
25 54
25 4462
26 59
26 137
27 95
27 132
27 140
27 204
28 162
28 167
29 99
30 131
30 161
31 124
31 141
32 63
32 105
33 156
33 175
34 35
35 36
35 98
36 37
36 70
36 142
36 143
37 38
37 39
37 40
37 48
37 158
41 98
41 203
42 43
42 59
42 168
42 219
42 233
43 99
43 182
44 95
44 164
45 48
46 48
47 48
47 185
48 172
49 76
49 102
49 107
50 4449
51 140
51 206
52 121
52 195
53 112
53 120
53 173
54 232
55 110
55 148
56 89
56 108
57 120
57 150
57 153
57 176
57 199
58 99
58 2563
59 60
59 168
60 61
61 155
62 189
62 210
63 155
64 69
65 69
66 69
67 70
68 71
69 70
69 980
69 4894
70 71
70 1031
70 1053
70 2345
71 109
72 87
72 225
73 74
73 113
73 216
74 92
74 232
75 99
77 78
77 87
77 111
77 186
78 171
78 192
79 80
79 110
80 81
81 185
81 200
81 990
82 83
82 2563
83 99
84 219
84 222
85 4447
85 4462
86 152
86 4449
87 111
88 89
88 90
89 91
89 173
89 179
89 196
89 199
92 497
92 4447
93 95
93 124
93 175
94 95
95 96
95 132
96 130
96 172
97 145
97 149
99 101
99 126
99 136
99 206
100 101
100 4460
102 124
102 211
103 141
104 146
104 154
104 191
105 175
105 223
106 185
106 1031
106 1056
107 187
108 179
109 117
109 208
109 4121
112 149
112 193
112 205
113 114
113 216
114 130
114 3771
115 116
116 206
117 118
117 119
117 208
117 523
120 149
120 176
122 123
123 124
124 141
125 154
125 174
125 195
125 233
126 209
127 130
128 130
129 130
130 208
130 236
130 4113
132 140
133 4462
134 2563
135 223
135 237
136 237
137 147
138 224
138 225
138 230
139 140
139 141
139 144
139 151
139 206
139 4883
140 141
141 142
141 187
142 143
144 152
144 203
144 235
145 193
146 195
146 197
147 154
150 199
151 182
151 192
153 199
154 155
154 157
154 158
154 159
155 156
155 158
155 160
155 174
157 190
158 194
162 197
163 164
163 166
164 165
164 192
167 177
169 171
169 230
170 171
170 188
170 228
171 172
175 190
178 179
178 180
178 181
180 200
180 207
183 185
184 185
185 201
185 998
186 188
188 229
188 231
189 206
193 194
196 205
198 202
199 201
199 202
200 202
206 208
207 208
211 212
211 213
211 214
215 216
215 500
217 226
217 229
218 219
220 225
221 222
222 226
224 228
227 230
227 231
234 235
237 238
239 253
239 319
239 4424
240 241
240 334
240 355
241 317
241 328
241 338
242 243
242 352
243 285
243 364
243 365
243 366
243 367
244 343
244 356
245 336
245 362
246 248
247 248
247 258
247 299
247 372
247 379
248 331
249 251
250 251
250 281
250 306
250 313
250 314
250 361
252 253
252 290
252 320
252 368
252 371
253 254
253 290
253 323
253 377
254 338
254 4363
255 256
255 285
255 330
256 286
256 300
257 260
258 260
258 311
258 361
258 369
258 382
259 300
259 307
259 312
261 262
261 288
261 351
261 370
261 383
262 263
262 268
262 335
263 345
263 346
264 322
264 4416
265 282
265 335
266 309
267 268
267 351
269 270
270 347
270 363
271 275
272 275
273 275
273 373
274 275
275 276
275 326
275 363
277 287
277 352
278 315
278 343
279 299
279 336
279 379
280 281
280 283
280 296
280 303
280 314
281 306
281 313
281 314
281 361
282 335
283 285
283 296
283 303
283 314
284 285
285 286
285 297
285 306
285 367
286 307
286 317
286 1179
288 352
289 291
291 337
291 4436
292 293
293 326
293 363
294 299
295 301
296 297
296 303
296 314
297 366
298 301
298 309
298 341
299 300
299 336
299 344
300 317
300 363
302 303
303 314
304 308
304 317
305 306
306 307
306 314
307 317
309 324
309 341
310 354
310 359
310 4432
311 312
311 369
312 345
312 346
313 314
315 316
315 327
316 317
316 357
317 338
318 319
318 1120
319 337
320 321
320 323
320 371
321 322
322 4342
325 326
327 4429
328 329
328 380
330 331
331 358
332 341
332 381
333 334
333 354
333 356
335 353
336 374
337 338
337 339
339 340
341 342
342 347
343 344
343 356
348 353
349 353
350 351
351 370
352 353
354 355
354 356
354 375
354 4426
355 4427
356 357
358 378
360 362
361 382
362 363
368 371
372 379
376 379
384 385
384 430
384 446
384 455
384 456
384 463
385 394
385 427
385 448
386 387
387 388
387 446
387 447
387 2308
389 431
390 438
390 2283
391 392
392 393
392 395
392 410
392 424
393 403
393 407
393 426
393 437
394 396
394 397
394 448
394 2224
395 443
395 458
396 420
396 2214
396 2394
397 398
397 399
397 400
397 401
397 421
397 2232
397 2284
402 403
403 404
403 412
403 436
403 437
403 440
405 406
406 407
406 432
406 458
406 461
408 409
409 438
409 452
409 457
410 432
411 412
412 1217
413 474
413 1249
414 415
414 416
414 453
414 460
414 463
414 465
414 469
415 426
417 418
417 431
417 445
417 451
417 470
419 422
420 422
420 457
421 422
421 427
421 2284
423 440
423 1425
423 1785
424 431
425 426
425 444
425 445
426 427
427 428
427 448
427 3988
428 1126
429 453
429 460
430 447
430 471
431 442
431 470
432 433
432 434
432 473
433 437
435 436
436 462
436 1298
439 440
439 473
439 474
441 442
442 443
443 467
444 465
444 469
449 450
450 466
450 468
451 469
452 454
454 464
455 456
455 471
456 460
457 466
458 461
459 462
464 468
465 470
472 473
475 482
475 4174
476 4114
476 4447
477 478
478 481
478 485
479 480
479 493
479 499
480 481
480 482
481 494
482 492
482 4112
483 486
483 490
483 495
483 496
484 485
484 3770
485 486
485 494
485 497
486 487
486 490
486 498
486 499
487 495
488 492
489 1184
489 1202
491 2427
491 2543
491 2544
491 2549
491 2681
491 2800
491 2833
491 2835
491 2836
491 2837
491 2950
493 494
493 498
494 4447
496 497
497 500
501 502
502 550
502 571
502 574
503 505
504 505
505 524
505 557
505 565
506 549
506 552
507 540
507 547
507 566
508 540
508 547
508 567
509 566
509 567
510 546
510 572
510 573
511 562
512 513
512 514
512 535
512 539
512 551
512 552
515 4459
516 520
517 521
518 521
519 521
519 3983
520 521
521 2313
522 523
522 829
522 833
522 4449
522 4459
523 571
523 4121
524 525
524 526
524 533
525 529
526 531
527 528
527 533
527 4146
529 530
529 531
531 532
533 534
533 549
533 557
533 565
533 569
533 574
534 571
535 539
535 551
536 537
536 560
536 575
537 538
537 558
539 552
540 541
540 542
540 543
540 544
540 545
541 570
542 570
543 551
544 546
544 562
544 566
545 546
545 562
545 567
547 554
547 555
547 559
547 560
548 549
548 556
549 550
549 552
549 553
549 569
551 552
553 556
554 556
555 556
557 564
558 559
558 564
559 563
561 562
563 564
565 1482
565 1483
565 4212
568 569
570 571
570 4459
571 4165
576 658
576 660
576 661
576 731
577 583
577 626
577 641
578 579
579 595
579 611
580 665
580 703
581 721
581 726
582 586
582 627
583 584
583 585
583 613
583 646
585 586
585 653
585 668
585 673
585 681
586 615
587 588
588 619
588 625
588 670
588 680
588 704
589 598
590 591
590 592
590 595
590 693
593 594
593 598
593 631
595 596
595 597
595 629
595 706
598 599
598 600
598 601
598 602
598 603
598 621
598 658
604 605
605 606
605 607
605 658
605 692
606 659
606 667
608 611
609 610
610 611
610 612
610 658
610 663
611 723
613 614
613 641
613 701
614 615
615 620
615 637
615 677
616 617
617 640
617 726
618 619
619 669
620 627
622 623
623 654
623 737
624 625
625 656
625 669
625 709
628 629
629 659
630 631
631 697
632 633
633 635
633 640
633 669
633 690
633 719
634 635
635 726
636 637
637 649
638 672
638 710
638 714
638 729
639 640
640 654
640 682
640 686
640 726
641 642
643 659
644 645
645 649
645 688
646 647
646 705
648 649
650 651
651 726
652 654
653 654
653 681
653 727
654 686
654 726
655 656
656 670
656 690
657 659
658 659
658 697
659 713
659 739
662 663
663 692
664 665
666 667
667 693
668 669
668 681
668 727
669 719
671 705
672 673
672 714
673 674
673 675
676 677
676 703
678 721
678 726
679 680
680 682
681 682
681 683
681 684
681 694
681 727
682 686
682 688
682 703
682 709
685 686
687 688
689 690
690 733
691 692
693 695
693 727
693 739
693 3770
695 696
695 727
697 698
699 700
699 729
701 703
702 703
703 735
705 714
707 708
707 710
710 711
712 713
713 723
714 715
716 717
717 721
718 719
720 721
721 726
721 728
722 723
723 724
725 726
726 727
727 3782
729 730
732 733
734 735
735 737
736 737
738 739
740 741
740 750
740 764
741 749
741 751
741 758
741 816
742 745
743 744
743 760
743 763
743 780
744 745
744 746
744 761
744 778
744 805
745 747
745 803
745 816
745 1231
748 781
749 751
749 752
749 776
749 806
750 753
750 806
751 754
751 758
751 777
753 2414
754 2415
755 765
755 784
755 804
756 758
757 758
757 788
758 759
758 792
759 813
759 814
759 824
759 825
760 761
760 763
760 779
761 815
762 763
763 779
763 781
763 790
764 778
764 815
764 816
765 775
765 821
766 767
767 804
768 772
769 773
770 773
771 772
771 786
771 798
772 773
772 774
772 787
773 824
773 825
775 782
775 818
777 787
777 4929
778 2418
779 815
780 790
780 796
781 782
781 784
781 785
781 790
781 800
781 804
783 804
783 4935
784 792
784 801
786 787
788 792
788 804
789 790
791 2305
791 2418
792 804
793 794
794 795
794 812
794 1215
795 805
796 797
796 805
796 809
799 800
801 802
801 1231
801 1258
803 2208
804 808
804 822
805 1403
807 808
809 810
810 823
811 812
812 823
812 1125
813 1228
814 1229
816 817
818 819
819 820
820 821
820 4941
823 1125
826 827
826 845
827 830
827 4463
828 829
828 846
828 859
828 878
829 838
830 835
830 837
830 4459
831 4445
832 833
832 856
832 868
832 869
832 870
832 896
832 904
832 905
832 906
832 907
832 911
832 920
832 921
832 933
834 835
834 855
834 863
834 867
834 875
834 892
836 837
836 893
836 897
838 854
838 872
838 873
838 4459
839 840
839 854
840 841
841 2352
842 843
843 4180
844 862
844 863
844 864
844 4458
845 847
845 866
846 878
846 904
847 848
847 861
847 871
847 881
847 885
847 895
847 901
847 913
848 849
848 912
849 880
849 887
849 888
849 889
849 890
850 856
850 908
850 909
850 910
851 855
851 899
852 855
853 854
853 866
853 874
853 901
853 903
855 856
855 860
855 862
855 864
855 865
855 892
856 857
856 861
857 4459
858 883
858 894
858 903
859 886
860 861
860 865
860 882
860 884
865 884
865 922
870 896
870 900
872 886
872 929
873 930
874 931
875 886
875 898
875 902
876 877
876 879
876 882
876 894
877 895
877 896
879 893
879 929
879 930
879 931
881 901
882 892
883 884
883 932
884 885
886 929
891 903
891 930
893 897
894 895
896 897
896 898
900 931
902 929
903 929
903 930
903 932
913 918
913 919
914 918
915 918
916 919
917 919
922 927
922 928
923 927
924 927
925 928
926 928
929 930
934 1015
934 1054
935 936
935 937
935 970
936 970
937 942
938 939
938 955
938 1011
938 1051
940 941
940 957
940 962
940 985
941 1017
941 1037
941 1052
942 943
942 995
942 1015
943 947
943 960
944 945
944 1004
944 1006
944 1029
945 946
945 996
945 1029
946 1007
946 1059
947 948
949 950
949 951
949 965
949 1048
949 1049
950 952
950 963
950 1044
951 952
951 971
951 1035
952 972
952 979
952 1001
953 954
953 976
953 1024
953 1025
953 1057
954 984
954 1012
954 1031
954 1053
955 974
955 1051
956 984
957 958
957 1016
957 1051
959 960
959 994
959 1050
960 1007
961 966
961 988
962 1056
963 994
964 992
964 1014
964 1031
965 1026
966 967
966 974
966 1022
967 998
968 969
968 1027
969 1007
969 1058
970 996
970 1022
971 972
971 997
972 1027
972 1038
973 974
974 1022
975 1024
975 1025
975 1032
976 1011
976 1055
977 1035
977 1049
978 993
978 1048
979 1006
980 981
980 1037
981 4856
982 983
982 1016
982 1056
985 986
985 1051
987 1011
987 1013
987 1045
988 989
988 990
990 998
991 995
992 1012
992 1055
993 994
993 999
993 1048
994 1050
995 1000
996 1029
997 1002
998 1007
998 1058
999 1035
1001 1027
1002 1003
1003 1006
1004 1046
1005 1022
1005 1029
1006 1007
1006 1008
1006 1009
1006 1010
1006 1015
1006 1027
1006 1038
1006 1050
1007 1058
1011 1012
1011 1057
1013 1014
1013 1045
1016 1017
1017 1018
1019 1020
1019 1023
1020 1032
1020 1047
1020 1051
1021 1022
1023 1047
1023 1051
1023 1060
1024 1051
1024 1060
1025 1051
1025 1060
1026 1027
1027 1028
1027 1044
1027 1046
1030 1031
1031 1034
1031 1039
1031 1040
1031 1041
1031 4895
1032 1033
1032 1047
1033 1053
1034 4903
1035 1036
1036 1050
1042 1043
1042 1045
1042 1057
1047 1060
1051 1052
1051 1053
1053 1059
1061 1062
1061 1063
1061 1543
1061 2003
1061 2036
1062 1445
1063 1445
1064 1066
1064 1161
1064 1332
1064 1626
1064 1810
1065 1177
1066 1092
1066 1120
1067 1853
1067 1902
1067 2070
1068 1069
1068 1419
1068 1970
1069 1420
1070 1071
1070 1197
1070 1198
1070 1301
1070 1498
1070 1499
1070 1567
1071 1270
1071 1372
1072 1554
1072 1616
1072 2029
1073 1074
1073 1192
1073 1209
1073 1281
1073 1315
1073 1470
1073 1555
1074 1193
1074 1314
1075 1077
1075 1160
1075 1507
1076 1077
1076 1218
1076 1906
1078 1225
1079 1080
1079 1245
1079 1307
1079 1314
1079 1460
1081 1335
1081 1560
1082 1155
1082 1561
1082 1943
1083 1225
1083 1511
1083 1729
1083 1751
1084 1296
1084 1447
1084 1504
1085 1099
1085 1225
1086 1087
1086 1088
1086 1352
1086 1368
1086 1421
1086 1479
1087 1089
1087 1092
1087 1098
1088 1089
1088 1091
1088 1221
1088 1224
1088 1625
1089 1092
1089 1402
1090 1312
1090 1447
1090 1557
1091 1092
1091 1109
1091 1166
1091 1497
1091 1631
1091 1960
1091 2018
1092 1093
1092 1167
1092 1354
1092 1430
1092 1505
1092 1526
1093 1489
1094 1095
1094 1096
1094 2097
1094 2136
1095 1178
1095 1448
1096 1387
1096 1447
1096 2072
1096 2092
1096 2160
1097 1098
1097 1286
1097 2110
1098 1344
1098 1380
1099 1100
1099 1194
1099 1491
1099 1678
1099 1714
1099 1732
1099 1915
1100 1335
1101 1102
1101 1277
1101 1531
1101 2063
1101 2177
1101 2180
1102 1278
1102 2140
1103 1104
1103 1227
1103 1339
1103 1423
1103 1574
1104 1144
1104 1443
1105 1461
1105 1557
1105 1718
1105 1754
1105 2062
1105 2122
1106 1107
1106 1146
1106 1180
1106 1667
1106 1949
1107 1108
1107 1137
1107 1144
1107 1181
1107 1250
1107 1318
1107 1324
1107 1811
1107 1878
1108 1138
1108 1268
1108 1366
1109 1241
1109 1497
1110 1211
1110 1472
1110 1496
1111 1112
1112 1460
1113 1580
1113 1582
1114 1117
1115 1838
1115 1933
1116 1544
1116 1604
1116 1970
1117 1454
1117 1455
1117 1500
1117 1553
1118 1190
1118 1437
1118 1462
1118 1464
1118 1585
1118 2196
1119 1120
1119 1826
1120 1177
1120 1430
1120 4438
1121 1826
1121 1957
1122 1123
1123 1164
1123 1276
1124 1244
1124 1314
1124 1460
1125 1577
1125 2022
1126 1477
1127 1128
1127 1129
1128 1864
1129 1354
1129 1402
1130 1188
1130 1227
1131 1831
1131 1943
1132 1244
1132 1309
1132 1331
1132 2558
1133 1136
1133 1494
1133 1606
1134 1243
1134 1324
1134 1610
1135 1417
1135 1532
1135 1611
1136 1452
1136 1535
1137 1138
1137 1139
1137 1140
1141 1302
1141 1333
1141 1346
1141 1362
1141 1459
1141 1487
1141 1620
1141 1621
1142 1143
1143 1475
1143 1875
1144 1435
1144 1623
1145 1223
1146 1492
1146 1956
1147 1149
1148 1149
1148 1167
1148 1208
1148 2064
1148 2065
1149 1168
1149 1341
1149 1453
1150 1151
1150 1697
1151 1276
1151 1284
1152 1336
1152 1357
1152 1474
1152 1490
1152 1531
1153 1171
1153 1358
1153 1485
1154 1406
1154 1731
1155 1198
1156 1157
1156 1775
1156 1972
1157 1162
1157 1222
1157 1261
1158 1327
1158 1737
1158 1750
1159 1160
1159 1506
1159 1685
1159 1771
1159 1906
1160 1167
1160 1171
1160 1323
1160 1417
1160 1507
1161 1957
1161 2093
1162 1261
1162 1502
1163 1164
1163 1242
1163 1518
1163 1642
1164 1300
1165 1436
1165 1866
1165 2185
1165 2190
1166 1167
1166 1778
1166 1854
1166 2016
1167 1168
1167 1169
1167 1414
1167 1439
1167 1526
1167 1647
1168 1245
1168 1542
1170 1171
1170 1404
1171 1172
1171 1176
1171 1202
1171 1310
1171 1485
1171 1487
1171 1532
1172 1404
1173 2181
1174 1469
1174 1485
1174 1487
1174 1488
1174 1532
1174 1650
1175 1185
1175 1519
1176 1202
1176 1468
1177 1505
1178 1179
1178 1266
1178 1388
1179 1341
1182 1736
1182 2165
1183 1191
1183 1399
1184 1468
1185 2448
1186 1443
1187 1950
1187 2051
1187 2076
1188 1470
1189 1190
1190 1235
1191 1192
1191 1846
1192 1193
1192 1247
1192 1408
1193 1331
1194 1529
1195 1196
1195 1679
1196 1417
1196 1453
1196 1522
1197 1198
1199 1350
1199 1513
1200 1201
1200 1349
1200 1892
1201 1893
1202 1310
1203 1204
1203 1205
1204 1365
1205 1254
1205 1489
1206 1291
1206 1450
1206 2087
1207 1208
1207 1360
1207 1706
1207 1867
1207 1990
1207 2038
1209 1442
1209 1795
1210 1310
1210 1468
1210 1680
1211 1212
1211 1537
1211 2077
1213 1214
1213 1771
1214 1347
1215 1775
1216 1217
1217 1513
1218 1426
1219 1248
1219 1386
1219 1451
1219 1688
1220 1408
1220 1418
1220 1690
1220 1768
1220 1913
1221 1252
1222 1293
1223 1255
1224 1525
1225 1226
1225 1263
1225 1433
1225 1595
1225 1648
1225 1728
1225 1747
1225 1800
1225 2195
1226 1327
1227 1710
1228 1232
1229 1232
1230 1255
1230 1479
1230 1525
1231 1232
1231 1403
1232 1489
1233 1240
1233 1247
1234 1235
1235 1462
1236 1237
1236 1578
1236 1724
1236 1903
1237 1238
1238 1335
1238 1811
1239 1240
1239 1533
1240 1330
1240 1484
1242 1356
1243 1292
1243 1726
1243 1727
1243 1996
1244 1268
1244 1309
1244 1384
1244 1424
1245 1268
1245 1307
1245 1366
1245 1508
1246 1506
1246 1679
1248 1385
1249 1914
1250 1257
1251 1290
1251 1502
1252 1390
1252 1421
1253 1254
1253 1298
1253 1344
1253 1350
1254 1305
1256 1571
1256 1763
1256 1799
1257 1327
1257 1764
1258 1259
1258 1293
1258 1354
1258 1403
1258 1993
1259 1489
1260 1261
1262 1264
1264 1433
1265 1800
1267 1268
1268 1314
1268 1460
1269 1270
1269 1411
1269 1473
1269 1777
1269 2183
1270 1374
1271 1272
1272 1635
1273 1274
1273 1275
1273 1570
1273 1587
1273 1627
1273 1929
1274 1362
1275 1451
1276 1308
1277 1278
1277 1279
1277 1353
1277 1467
1277 1490
1278 2204
1279 1280
1279 1436
1279 1490
1279 2121
1280 1310
1280 1464
1281 1282
1281 1524
1281 1787
1282 1314
1283 1284
1283 1702
1284 1378
1285 1475
1285 1527
1285 1685
1285 1836
1286 2142
1287 1301
1287 1536
1287 1801
1288 1290
1289 1290
1289 1802
1290 1354
1290 1935
1291 1410
1292 1804
1292 1995
1294 1295
1295 1305
1295 1307
1297 1298
1297 1351
1297 1427
1297 1630
1299 1300
1299 1303
1299 1533
1299 1563
1299 1806
1299 2159
1300 1330
1300 1806
1301 1302
1301 1808
1303 1399
1304 1305
1306 1307
1307 1434
1308 1309
1308 1813
1308 2061
1309 1477
1309 2595
1310 1311
1310 1317
1310 1437
1310 1815
1310 2139
1310 2140
1310 2186
1311 1541
1312 1313
1312 1447
1312 2037
1312 2192
1312 2193
1313 1448
1314 1374
1314 1444
1315 1316
1315 1913
1316 1817
1317 1468
1317 1818
1318 1407
1318 1820
1319 1320
1320 1333
1320 1459
1321 1441
1321 1528
1322 1413
1322 1506
1322 1523
1322 2157
1323 1417
1324 1325
1324 1339
1324 1375
1324 2098
1324 2099
1325 1366
1326 1327
1326 1823
1326 1882
1327 1328
1327 1329
1327 1425
1327 1580
1327 1581
1327 1822
1328 1434
1328 1460
1330 1331
1330 1484
1332 1635
1333 1346
1334 1335
1334 1347
1334 1632
1334 1678
1334 2017
1335 1370
1335 1392
1335 1397
1335 1439
1335 1503
1335 1507
1335 1516
1336 1357
1336 1559
1337 1338
1338 1664
1338 1998
1339 1832
1340 1341
1340 1342
1340 1463
1341 1541
1342 1449
1343 1344
1343 1365
1343 1428
1343 1509
1343 1861
1345 1346
1346 2181
1347 1762
1348 1448
1348 1462
1348 1843
1349 1350
1349 1427
1349 1450
1349 1630
1351 1365
1352 2018
1353 1436
1353 1467
1353 2190
1354 1355
1354 1380
1354 1860
1356 1563
1357 1358
1357 1490
1357 1531
1357 1559
1357 2008
1357 2121
1358 2140
1359 1736
1359 1766
1360 1720
1360 1868
1360 2045
1361 1362
1361 1364
1361 1776
1361 1930
1361 1951
1362 1363
1362 1445
1362 1451
1362 1488
1362 1865
1363 1372
1364 1472
1364 1920
1366 1374
1366 1501
1367 1491
1367 1517
1368 1389
1368 1401
1368 1625
1369 1370
1369 1904
1369 1976
1370 1553
1371 1372
1371 1496
1372 1404
1372 1446
1372 1539
1372 1540
1373 1374
1373 1375
1373 1452
1375 1452
1376 1377
1377 1423
1378 1383
1378 1407
1379 1380
1379 1401
1379 1594
1379 2022
1379 2105
1381 1503
1381 1507
1381 1894
1382 1383
1382 1398
1383 1384
1384 1477
1385 1896
1386 1896
1387 1388
1387 2097
1387 2160
1389 1400
1390 1479
1390 1633
1391 1392
1391 1426
1391 1440
1392 1414
1393 1427
1394 1398
1394 1405
1395 1516
1396 1397
1400 1401
1401 1402
1401 1853
1404 1486
1404 1541
1404 1542
1406 1407
1407 1423
1409 1799
1409 1981
1409 1984
1410 1471
1411 1420
1411 1499
1411 2114
1412 1413
1413 1506
1414 2194
1415 1417
1416 1417
1416 1523
1416 1845
1416 1875
1417 1921
1418 1922
1419 1420
1419 1456
1419 1829
1420 1454
1420 1455
1420 1536
1420 1924
1420 1964
1422 1423
1423 1424
1425 1925
1426 2017
1428 1450
1429 1430
1429 2070
1431 1432
1431 1433
1431 1975
1432 1434
1435 1931
1436 1437
1436 2185
1437 1463
1438 1784
1438 1936
1439 1812
1440 1441
1440 1517
1440 1527
1440 1885
1441 1812
1442 1443
1442 1795
1443 1444
1443 1538
1443 1549
1443 1988
1445 1446
1447 1448
1447 2078
1448 2196
1449 1462
1452 1473
1452 2119
1452 2120
1453 1542
1454 1457
1455 1458
1456 1457
1456 1458
1456 1599
1459 1953
1461 1462
1461 2073
1461 2075
1461 2082
1461 2096
1461 2106
1461 2109
1461 2124
1461 2145
1462 2125
1462 2126
1463 1464
1464 1954
1465 1467
1466 1467
1467 1909
1468 2139
1469 1485
1469 1749
1469 1955
1469 2189
1471 2113
1472 2174
1472 2189
1473 1498
1473 2129
1473 2130
1474 1531
1474 2132
1475 1476
1475 2043
1478 1479
1479 2051
1479 2087
1480 1481
1481 1536
1485 1486
1485 2158
1488 1532
1490 2121
1490 2139
1490 2140
1490 2180
1492 1622
1492 1761
1492 1985
1493 1494
1493 1566
1493 1711
1493 1987
1495 1524
1495 1538
1495 1989
1496 1920
1497 2011
1500 1501
1500 1878
1500 1995
1500 1996
1503 2000
1507 1508
1507 1513
1507 1515
1507 1819
1507 2203
1508 1542
1509 1877
1510 1511
1511 1981
1512 1595
1512 1892
1512 2020
1513 1514
1513 2021
1514 1737
1514 2023
1516 1819
1517 1926
1517 2028
1518 1519
1520 1522
1521 1522
1521 1589
1523 1845
1524 1980
1524 2032
1525 1526
1525 1633
1525 1950
1527 1927
1528 2194
1529 1530
1529 1695
1529 1696
1529 1763
1529 2127
1530 1560
1531 1532
1531 1534
1531 1537
1531 2077
1531 2174
1533 2159
1537 2177
1543 1645
1543 1939
1544 1612
1545 1548
1545 1833
1546 1576
1546 2041
1547 1554
1547 1889
1548 1549
1548 1596
1548 1639
1548 1709
1548 1734
1548 1745
1550 1783
1550 2111
1551 1623
1551 1932
1552 1780
1552 1994
1555 1654
1555 1671
1555 1721
1555 1741
1555 1840
1555 1891
1555 1958
1555 2143
1556 1562
1556 1842
1558 1713
1558 1847
1561 1782
1562 1820
1563 2159
1564 1690
1564 1788
1564 1858
1565 1570
1565 1951
1566 1746
1567 1568
1567 1569
1571 1619
1572 1729
1572 1882
1573 1686
1573 1741
1574 1575
1574 2054
1575 2100
1575 2116
1576 1686
1576 1947
1577 1594
1578 1632
1579 1646
1579 1986
1580 1658
1581 1988
1582 1583
1583 1765
1584 1692
1584 1919
1584 2088
1585 1600
1585 1856
1585 1857
1585 1952
1585 2001
1585 2013
1586 1722
1586 1746
1587 1703
1587 1929
1588 1589
1588 1868
1590 1600
1590 1680
1590 2001
1590 2151
1591 1717
1591 1855
1592 1623
1592 1931
1593 1702
1593 2049
1597 1961
1597 2039
1598 1599
1599 1687
1600 2013
1601 1602
1601 1923
1601 2098
1601 2099
1602 1839
1602 1973
1603 2002
1603 2131
1603 2152
1604 1687
1605 1649
1605 1774
1605 1824
1606 1700
1606 1821
1606 2044
1607 1646
1608 1675
1608 1774
1609 1971
1609 1999
1610 1726
1610 2066
1610 2149
1612 1761
1613 1614
1613 1628
1613 1782
1614 1848
1615 1655
1615 1955
1615 2158
1616 1660
1617 1835
1617 2003
1618 1621
1618 1701
1619 1903
1620 1883
1621 1701
1622 1949
1623 1624
1623 1693
1624 1663
1624 2015
1624 2100
1624 2116
1626 2005
1627 2004
1628 1665
1629 1664
1629 1810
1631 1730
1634 1814
1634 1849
1634 1965
1636 1668
1636 1704
1637 1739
1637 1825
1638 1739
1639 1931
1640 1912
1640 2093
1641 1767
1641 1805
1643 1690
1643 1805
1644 1700
1644 2068
1645 1752
1645 1910
1645 2036
1647 1865
1648 1917
1649 1808
1650 1753
1650 1955
1650 2069
1651 1789
1651 2016
1652 1796
1652 1798
1653 1760
1653 1880
1654 1743
1654 1791
1654 2039
1654 2040
1655 1753
1655 1884
1656 1898
1657 1898
1659 1772
1659 1787
1660 1827
1661 1828
1661 1893
1662 1663
1662 1821
1662 1851
1663 1723
1663 2068
1665 2164
1666 1863
1666 1916
1667 1668
1669 1809
1669 1891
1670 1671
1670 1755
1671 1686
1672 1790
1672 2014
1673 1817
1674 1688
1674 1898
1675 1801
1676 1707
1677 1678
1677 1907
1681 1735
1681 1804
1682 1876
1682 2038
1683 1835
1683 1930
1684 1779
1686 1787
1686 1879
1686 1916
1688 1689
1688 1898
1688 2168
1690 1715
1690 1858
1691 1692
1691 1862
1691 2098
1692 1919
1693 1870
1694 1859
1694 1908
1695 1732
1696 1968
1697 1827
1698 2032
1699 1777
1699 1983
1700 1777
1703 2004
1703 2168
1704 1781
1704 1842
1705 1725
1705 1977
1706 1854
1707 2008
1708 1830
1708 2020
1709 1796
1710 1798
1710 1871
1710 2101
1711 1831
1712 1897
1712 1922
1713 1905
1714 1844
1714 2195
1715 1740
1716 1962
1716 2112
1717 1890
1717 1922
1718 2137
1719 1956
1720 1850
1722 1723
1722 1931
1724 1976
1725 1796
1726 1946
1726 2081
1727 1756
1727 1978
1728 1779
1730 1998
1731 1914
1733 2114
1733 2118
1733 2131
1734 2053
1735 1759
1735 1803
1735 2052
1738 1739
1740 1786
1742 1744
1742 1794
1742 2026
1743 1744
1743 2163
1745 1871
1748 1749
1748 1905
1748 2009
1748 2184
1750 1823
1750 1886
1753 2158
1754 1866
1755 1791
1755 1834
1756 1757
1756 2081
1757 2088
1758 1848
1758 1883
1758 1910
1759 1783
1760 1783
1761 1899
1761 2089
1762 2000
1764 1881
1766 2043
1767 1768
1769 1841
1770 1834
1770 2033
1772 1900
1773 1879
1773 2053
1776 1951
1777 1870
1777 1887
1777 1963
1778 1850
1780 1849
1781 1948
1783 2012
1784 1901
1786 1911
1787 1908
1787 2042
1788 1897
1789 1960
1790 1817
1792 1794
1793 1794
1794 2026
1795 1797
1796 1797
1796 1977
1801 1808
1802 1997
1803 2002
1807 1848
1808 2164
1809 1840
1813 1852
1814 2012
1815 1921
1816 2024
1816 2032
1818 2150
1818 2151
1821 2044
1822 1924
1824 1965
1825 1915
1828 2021
1828 2047
1829 2007
1830 2035
1832 1839
1832 2156
1833 1931
1837 1953
1838 2050
1839 2100
1840 1841
1843 2071
1843 2080
1843 2123
1844 1982
1845 2157
1847 1884
1851 2119
1851 2120
1855 1890
1856 1952
1856 2001
1857 1952
1859 2024
1860 1993
1862 2099
1863 2040
1864 1934
1869 1918
1869 2000
1870 2107
1872 1873
1872 1874
1872 2068
1873 2130
1874 2129
1877 2142
1880 1994
1884 1955
1886 1925
1886 2048
1888 2146
1888 2158
1894 1918
1894 2031
1895 1896
1895 1937
1898 1951
1899 2089
1900 1959
1900 1961
1901 1902
1904 1991
1907 1942
1909 2063
1911 1979
1918 2000
1923 2120
1923 2152
1927 1941
1928 1978
1928 2081
1929 2004
1929 2178
1930 1939
1931 2197
1933 1945
1934 1935
1934 1936
1934 1945
1934 2117
1937 1938
1940 1941
1941 2028
1944 2000
1944 2031
1946 2090
1946 2099
1946 2115
1946 2149
1947 2034
1952 2013
1954 2057
1954 2138
1954 2141
1954 2144
1954 2187
1954 2188
1959 2039
1962 2030
1962 2118
1963 1964
1963 1965
1963 2030
1966 1967
1966 2020
1966 2035
1969 1984
1969 2127
1970 1971
1972 1992
1973 2134
1974 2010
1974 2011
1978 2052
1979 1980
1979 2176
1983 1987
1986 2079
1986 2162
1991 2027
1994 1995
1994 1996
1997 2050
2000 2027
2002 2115
2005 2076
2006 2011
2015 2128
2018 2019
2020 2021
2021 2047
2021 2048
2025 2026
2029 2061
2032 2176
2033 2034
2033 2042
2039 2079
2040 2041
2045 2046
2047 2048
2054 2197
2055 2090
2055 2120
2055 2152
2056 2082
2056 2108
2057 2085
2058 2060
2058 2061
2059 2107
2062 2108
2064 2125
2065 2126
2066 2098
2067 2141
2067 2187
2067 2188
2071 2102
2072 2166
2072 2167
2073 2074
2074 2102
2074 2109
2075 2102
2078 2192
2080 2096
2083 2084
2083 2086
2083 2138
2084 2085
2084 2095
2085 2086
2086 2144
2090 2130
2091 2135
2091 2145
2092 2191
2094 2143
2095 2108
2097 2136
2097 2191
2102 2123
2103 2128
2103 2147
2103 2156
2104 2146
2104 2158
2105 2110
2106 2108
2107 2155
2111 2114
2112 2164
2113 2165
2115 2152
2119 2152
2122 2138
2124 2135
2129 2154
2131 2154
2132 2146
2133 2146
2134 2147
2134 2155
2137 2157
2138 2141
2147 2148
2150 2151
2153 2163
2160 2170
2160 2171
2161 2162
2161 2163
2169 2191
2172 2193
2173 2193
2175 2176
2178 2179
2179 2184
2181 2182
2183 2198
2186 2199
2192 2193
2200 2201
2200 2205
2201 2202
2202 2204
2203 2205
2206 2211
2206 2212
2207 2383
2208 2214
2209 2245
2209 2391
2210 2413
2210 4744
2211 2213
2212 2213
2213 2214
2213 2283
2215 2397
2215 4898
2216 2358
2216 2412
2217 2371
2217 2388
2218 2289
2218 2346
2219 2347
2219 2348
2220 2245
2220 2333
2220 2374
2220 2398
2221 2230
2222 2223
2222 2224
2222 2233
2222 2262
2222 2296
2222 2377
2222 2403
2222 2404
2222 2406
2223 2224
2223 2225
2223 2230
2223 2322
2223 2419
2224 2230
2224 2236
2224 2384
2225 2322
2225 2351
2226 2315
2226 2405
2227 2229
2228 2231
2228 2360
2229 2235
2231 2264
2232 2318
2232 2348
2232 2358
2233 2406
2234 2306
2234 2362
2234 2410
2235 2361
2236 2263
2236 2299
2236 2310
2236 2313
2236 2329
2236 2370
2236 2384
2237 2239
2238 2239
2239 2292
2239 2369
2239 2397
2240 2286
2240 2314
2241 2326
2241 2367
2242 2243
2242 4508
2242 4632
2243 2250
2243 2311
2243 2356
2244 2326
2244 2336
2245 2333
2246 2316
2246 2422
2247 2309
2247 2389
2247 2421
2248 2257
2248 2387
2249 2250
2249 2251
2249 4536
2249 4537
2250 2252
2250 2253
2250 2254
2250 2371
2250 2413
2250 4574
2250 4653
2254 2312
2255 2282
2255 2380
2256 2293
2256 2328
2257 2304
2258 2283
2258 2408
2259 2263
2260 2263
2261 2263
2263 2299
2263 2365
2264 2307
2264 2358
2265 2283
2265 2287
2266 2307
2266 4855
2267 2273
2267 2415
2268 2269
2268 2270
2268 2271
2268 2334
2268 2382
2269 2272
2269 2383
2269 2417
2273 2335
2274 2276
2275 2276
2275 2373
2275 2408
2277 2278
2277 2291
2277 2390
2279 2321
2279 2372
2280 2362
2280 2415
2281 2285
2282 2283
2282 2337
2283 2284
2283 2285
2283 2303
2283 2305
2283 2373
2283 2376
2284 2285
2286 2287
2286 2332
2286 2393
2288 2335
2288 2388
2289 2317
2290 2342
2290 2383
2291 2293
2291 2369
2291 2378
2292 2316
2294 2349
2294 2368
2295 2333
2295 2383
2296 2406
2297 2299
2298 2299
2299 2344
2299 2370
2300 2301
2300 2408
2301 2408
2302 2373
2303 2355
2304 2349
2304 2409
2305 2355
2306 2311
2308 2331
2309 2389
2309 2416
2310 2384
2310 2389
2312 2347
2313 2365
2313 4838
2315 2322
2315 2360
2317 2318
2318 2371
2319 2328
2319 2333
2320 2322
2320 2367
2321 2322
2322 2323
2322 2324
2322 2325
2322 2394
2326 2359
2326 2407
2327 2330
2328 2329
2328 2330
2328 2353
2328 2381
2328 2421
2329 2330
2329 2384
2331 2406
2332 2393
2333 2374
2333 2390
2334 2382
2336 2350
2336 2372
2337 2339
2337 2368
2337 2375
2338 2358
2338 2405
2340 2389
2340 2420
2341 2364
2341 2402
2342 2383
2343 2364
2343 4036
2344 2345
2346 2347
2350 2351
2350 2407
2352 2365
2353 2389
2354 2383
2354 2389
2355 2373
2356 2388
2356 2412
2356 4635
2357 2377
2357 2403
2359 2372
2361 2363
2363 2364
2364 2365
2364 2366
2366 4860
2369 2370
2369 2378
2369 2390
2374 2398
2375 2376
2375 2379
2377 2404
2379 2380
2379 2387
2381 2389
2382 2383
2383 2384
2383 2385
2383 2386
2383 2396
2383 2399
2383 2420
2385 2419
2386 2419
2387 2409
2388 4661
2391 2396
2392 2395
2393 2394
2393 2395
2393 2406
2394 2395
2397 4850
2398 2399
2398 2400
2398 2401
2410 2411
2410 4553
2410 4633
2410 4650
2410 4750
2410 4754
2414 2415
2415 4696
2416 2417
2422 2423
2424 4492
2424 4564
2425 2426
2426 2460
2426 2520
2427 2486
2427 2656
2428 2730
2428 2731
2429 2490
2429 2587
2429 2657
2430 2546
2430 2618
2431 2596
2432 2433
2432 2817
2433 2591
2434 2579
2434 2662
2435 2437
2435 2472
2435 2525
2435 2589
2435 2620
2435 2624
2435 2625
2435 2663
2435 2669
2435 2699
2435 2702
2435 2703
2436 2491
2436 2639
2436 2671
2437 2587
2437 2673
2438 2440
2439 2440
2440 2450
2440 2530
2440 2597
2440 2632
2440 2634
2440 2640
2440 2683
2440 2684
2440 2886
2440 2992
2441 4130
2441 4149
2441 4459
2442 2444
2443 2444
2444 2522
2444 2617
2444 2628
2445 2682
2445 2686
2445 2708
2445 2957
2445 3095
2446 2605
2446 2686
2446 2709
2447 2503
2447 2560
2447 3207
2448 2458
2448 2794
2448 2815
2448 2968
2449 2546
2449 2598
2450 2688
2450 3190
2451 2452
2451 2577
2451 2718
2451 2720
2451 3044
2453 2552
2453 2562
2453 2695
2454 2455
2455 2561
2455 2587
2455 2698
2456 2710
2456 2839
2456 3106
2456 3229
2457 2459
2457 2618
2457 2710
2458 2459
2458 2794
2458 2931
2458 3005
2458 3012
2459 2460
2459 2488
2459 2526
2459 2594
2459 2618
2459 2678
2459 2704
2460 2559
2460 2592
2460 2594
2460 2600
2461 2462
2462 2587
2462 2591
2463 2464
2464 2655
2464 2992
2465 2487
2465 2544
2465 2713
2465 2714
2466 2717
2466 2718
2466 2940
2466 3245
2466 3280
2467 2718
2468 2718
2469 2528
2469 2562
2469 2719
2470 2597
2470 2640
2470 2724
2471 2472
2472 2967
2473 2494
2473 2589
2473 3217
2474 2477
2474 2478
2474 2646
2475 2476
2475 2477
2475 2478
2475 2484
2475 2553
2475 2560
2475 2643
2476 2504
2476 2520
2476 2559
2476 2592
2477 3218
2478 3219
2479 2811
2479 2865
2480 2481
2480 2482
2480 2556
2481 2483
2481 2592
2484 2560
2484 3220
2485 2506
2485 2737
2485 3091
2485 3092
2486 2497
2486 2549
2486 2562
2486 2742
2486 2744
2486 2765
2486 2959
2487 2529
2487 2544
2487 2744
2488 2618
2488 2633
2489 2490
2489 2577
2489 2990
2489 3215
2489 3253
2490 2522
2490 2584
2490 2587
2490 3061
2490 3116
2491 2496
2491 2499
2491 2731
2491 2949
2491 3018
2492 2760
2493 2494
2493 2644
2493 2647
2494 2589
2494 2628
2494 3015
2494 3017
2494 3225
2494 3226
2495 2562
2495 2761
2495 3018
2496 2762
2496 2763
2496 2764
2497 2767
2497 3018
2498 2596
2498 2768
2498 2770
2498 3173
2499 2514
2499 2730
2499 2770
2500 2539
2500 2545
2500 3079
2501 2531
2501 2580
2501 2776
2501 2777
2501 3114
2501 3272
2502 2503
2502 2644
2502 2646
2503 2504
2503 2553
2503 3017
2503 3227
2503 3228
2504 2612
2505 2605
2505 2610
2505 2783
2506 2523
2506 2784
2506 2786
2506 3050
2507 2623
2507 2778
2507 2803
2508 2509
2509 2520
2509 2614
2510 2511
2510 2512
2510 2617
2510 2628
2513 3230
2514 2796
2514 3018
2515 2516
2515 2596
2516 2596
2516 2811
2516 3037
2516 3232
2517 2518
2517 2519
2517 2520
2520 2559
2520 2600
2520 2603
2521 2534
2521 2596
2521 3006
2522 2560
2522 2642
2522 3234
2523 2602
2523 2615
2523 2618
2523 2807
2523 2808
2523 3046
2523 3048
2524 2612
2525 2587
2525 2814
2526 2618
2527 3235
2528 2562
2528 2601
2528 2790
2528 2805
2528 2816
2529 2544
2529 2550
2529 2607
2529 2613
2529 2805
2530 2555
2530 2875
2530 2918
2530 3187
2531 2532
2531 2580
2531 2793
2531 2917
2531 2919
2531 3114
2531 3182
2532 2637
2532 2726
2532 2727
2533 2558
2533 2613
2534 2535
2534 2543
2534 2596
2534 2766
2534 2822
2534 2824
2534 3006
2534 3113
2534 3180
2535 2565
2535 2660
2535 2822
2535 2824
2535 3018
2536 2537
2537 2630
2537 2702
2538 2549
2538 2842
2538 3056
2539 2540
2539 2545
2539 2551
2539 2552
2539 2555
2539 2921
2539 3124
2539 3125
2540 2550
2540 2607
2541 2829
2542 2584
2542 2829
2543 2729
2543 2766
2543 2835
2543 2836
2543 2837
2543 2953
2543 2998
2543 3069
2543 3113
2543 3175
2543 3208
2544 2833
2544 4220
2545 2792
2545 2844
2545 2845
2545 2921
2545 2924
2546 2555
2546 2593
2546 2638
2546 2859
2546 2861
2546 2863
2546 3155
2547 2549
2548 2549
2549 2848
2549 2849
2549 2959
2549 3056
2550 2552
2550 2856
2550 2857
2551 2552
2551 2562
2551 2850
2551 2851
2551 2854
2551 2855
2552 2853
2553 3293
2554 2722
2554 2802
2554 2810
2554 2844
2554 2846
2554 2871
2554 2872
2554 2873
2554 2875
2554 2909
2554 2923
2554 2972
2554 2996
2554 3000
2554 3097
2554 3129
2554 3142
2554 3150
2554 3285
2555 2576
2555 2597
2555 2609
2555 2871
2555 2872
2555 2873
2555 3188
2557 2622
2557 4100
2557 4318
2558 2559
2560 2628
2560 3243
2560 3244
2561 2605
2561 2883
2562 2827
2562 2884
2562 2901
2563 4130
2563 4446
2563 4449
2563 4462
2564 2621
2564 2791
2564 3147
2564 3148
2565 2659
2565 2893
2566 2678
2566 2818
2566 2895
2566 2942
2567 2568
2568 2594
2568 2942
2569 2896
2570 2594
2570 2667
2570 2896
2571 2897
2572 2899
2573 2594
2573 2899
2573 2900
2574 2900
2575 2576
2575 2693
2575 2813
2575 2907
2575 2937
2575 2973
2575 3098
2575 3282
2576 2582
2576 2593
2576 2598
2576 2602
2576 2734
2576 2795
2576 2905
2576 2906
2576 2908
2576 2965
2576 3155
2577 2990
2577 3044
2577 3206
2577 3278
2578 2589
2578 2642
2578 3015
2578 3248
2578 3249
2579 2587
2579 2903
2580 2581
2580 3114
2583 2584
2585 2597
2585 2609
2585 2909
2586 2587
2586 2675
2586 2711
2586 2718
2586 2721
2586 2723
2586 2881
2586 2890
2586 2912
2586 3096
2586 3159
2586 3200
2586 3216
2587 2605
2587 2912
2588 2589
2590 3252
2591 2913
2594 2705
2594 2910
2595 2606
2595 2910
2596 3006
2596 3158
2596 3180
2597 2919
2597 2928
2597 2929
2597 2935
2598 2918
2599 2600
2601 2934
2602 2937
2602 2965
2602 3050
2604 2609
2604 2944
2604 3116
2605 2610
2605 2954
2605 2956
2605 2957
2606 2607
2606 2619
2606 2954
2607 2608
2607 2613
2607 2619
2607 2961
2608 2609
2608 2612
2608 2655
2608 2734
2608 2795
2608 2960
2608 3189
2609 2624
2609 2625
2609 2652
2609 2791
2609 2961
2609 3061
2610 2964
2611 2641
2612 2613
2612 3289
2612 3290
2615 2618
2615 2971
2616 2617
2617 3267
2618 2638
2618 2886
2618 2887
2618 2974
2618 2975
2619 2975
2620 2967
2620 2977
2621 2790
2621 2979
2622 4173
2622 4266
2622 4318
2623 2639
2623 2703
2623 2994
2624 2980
2625 2981
2626 2628
2627 2628
2629 2983
2629 2991
2630 2949
2630 2987
2630 2988
2631 3273
2632 2635
2632 3284
2633 3205
2634 3188
2636 2639
2637 2935
2641 2966
2641 2967
2642 3209
2644 2645
2644 3213
2645 2649
2645 3237
2645 3238
2646 2648
2646 2649
2646 3240
2646 3241
2647 2649
2647 3255
2648 2650
2648 3256
2648 3257
2648 3258
2648 3259
2648 3260
2648 3261
2649 2650
2649 3262
2650 3274
2650 3275
2651 3289
2651 3290
2652 3115
2653 2761
2653 2796
2654 3041
2654 3189
2655 3020
2656 2741
2656 2767
2656 2826
2656 3177
2656 3179
2657 2670
2657 3156
2658 2694
2658 2909
2658 2917
2658 2919
2658 3078
2659 2668
2660 2760
2661 3025
2661 3202
2663 2669
2663 2685
2663 2706
2663 2814
2663 2820
2663 2838
2663 2945
2663 2960
2663 2970
2663 3105
2663 3201
2664 2669
2665 2800
2666 2800
2667 2789
2671 2796
2671 3006
2671 3009
2671 3222
2672 2781
2672 2797
2672 3002
2672 3005
2672 3027
2672 3144
2673 2674
2673 2675
2675 2711
2675 2891
2675 3216
2676 2915
2677 2678
2679 2715
2679 2943
2680 2681
2681 2985
2685 2814
2686 2687
2687 2779
2687 3004
2688 2759
2688 2847
2688 2937
2688 3051
2688 3099
2688 3100
2689 3091
2690 3092
2691 2692
2692 2838
2692 2892
2692 2943
2693 2937
2693 2973
2693 3146
2693 3181
2693 3263
2694 2909
2694 3078
2694 3172
2694 3287
2695 2922
2695 3022
2695 3023
2695 3030
2696 2980
2697 2704
2697 2788
2698 2882
2698 3094
2698 3134
2698 3135
2698 3191
2698 3271
2699 2700
2701 2710
2701 3269
2703 3068
2704 2746
2704 2788
2704 3013
2705 2897
2705 3104
2707 2811
2707 2841
2711 3200
2711 3216
2712 2958
2712 3211
2712 3221
2712 3264
2715 2943
2716 2812
2716 2972
2716 2979
2716 3058
2717 3245
2717 3280
2718 2720
2718 2721
2718 3159
2718 4023
2718 4024
2722 2724
2723 2758
2723 2881
2723 2890
2723 2974
2724 2847
2725 2756
2725 2757
2725 2780
2725 2839
2725 2840
2725 2858
2725 3106
2726 2727
2726 3062
2727 3062
2728 2782
2728 3010
2728 3288
2729 2953
2729 3063
2729 3208
2729 3266
2730 2732
2731 2733
2734 3065
2735 2739
2736 2828
2737 2738
2737 2739
2737 2807
2737 3011
2738 2739
2738 2780
2738 3194
2740 2741
2740 2742
2741 2761
2741 2767
2741 2884
2741 2933
2741 3042
2741 3043
2742 2743
2744 2745
2746 3013
2747 3082
2748 3083
2749 3084
2750 3085
2751 3086
2752 3087
2753 3088
2754 3089
2755 3090
2757 2858
2758 2890
2759 3100
2761 2796
2761 2841
2761 2879
2761 2884
2761 3042
2765 2766
2765 3018
2766 3113
2767 3101
2768 2769
2770 2771
2772 2773
2772 2781
2772 2782
2774 3003
2775 2982
2775 3004
2779 2843
2780 2839
2780 2840
2780 2858
2781 2782
2781 3005
2781 3012
2782 2968
2782 2969
2782 3002
2782 3010
2784 2785
2784 2786
2784 3077
2785 2786
2787 2788
2788 2978
2788 3268
2792 2793
2792 2924
2793 2917
2793 3287
2794 3013
2795 3109
2797 2840
2797 3027
2797 3111
2797 3153
2798 2799
2798 2801
2798 3176
2799 2801
2799 2821
2799 2998
2799 3151
2799 3212
2799 3223
2799 3254
2800 2801
2800 2947
2800 2948
2801 2821
2801 2998
2801 3151
2801 3152
2801 3212
2801 3223
2801 3254
2802 2923
2802 2996
2802 3285
2804 2983
2805 2806
2807 3011
2807 3239
2808 3169
2809 2843
2810 2844
2811 2841
2811 2865
2811 2987
2811 3037
2812 2972
2814 2904
2814 2977
2814 3080
2814 3117
2815 2968
2815 2978
2815 2984
2815 3013
2816 2879
2816 3107
2816 3143
2816 3199
2818 2819
2820 2838
2820 2867
2820 2945
2820 2960
2820 3132
2820 3201
2821 2826
2821 2866
2821 2953
2822 2823
2824 2825
2826 2866
2826 2953
2826 3178
2826 3179
2827 3018
2828 2829
2830 2835
2831 2836
2832 2837
2833 2834
2838 2945
2838 2970
2838 3105
2838 3132
2839 2840
2839 2858
2839 3229
2840 3153
2840 3251
2841 2879
2841 2884
2841 3026
2842 2933
2842 2936
2843 2941
2843 2982
2843 3196
2844 2909
2844 3097
2846 2972
2847 2859
2847 2861
2847 2863
2847 2937
2847 3019
2847 3174
2847 3214
2848 2933
2850 2852
2851 2852
2852 2853
2852 2915
2852 2938
2852 3039
2852 3127
2852 3131
2852 3157
2852 3277
2853 3127
2853 3131
2853 3157
2853 3276
2853 3277
2853 3279
2858 3081
2859 2860
2861 2862
2863 2864
2865 3029
2865 3121
2865 3123
2866 2953
2867 2960
2868 2977
2869 3136
2870 3137
2871 2877
2872 2878
2873 2874
2875 2876
2875 2918
2875 3187
2879 2884
2879 2987
2879 3154
2879 3199
2880 2882
2880 3112
2880 3118
2881 2883
2881 2890
2881 2999
2881 3096
2881 3198
2881 3231
2882 2883
2882 3112
2882 3118
2882 3191
2884 2901
2884 2987
2884 3042
2884 3154
2885 3059
2885 3147
2885 3148
2886 2888
2887 2889
2887 3190
2892 2943
2894 2895
2894 2997
2894 3001
2894 3246
2897 2898
2898 3024
2901 2902
2904 2977
2909 2919
2909 3097
2910 2911
2914 2924
2915 3039
2915 3157
2915 3277
2915 3281
2916 2966
2916 3139
2917 2919
2917 2927
2918 3187
2919 2927
2919 2928
2919 2929
2919 3182
2920 3168
2923 3052
2925 2926
2925 2938
2925 2939
2927 2930
2928 3164
2929 3165
2932 3048
2933 2936
2933 3021
2933 3042
2933 3043
2933 3175
2937 2973
2937 3034
2937 3035
2937 3174
2937 3242
2938 2939
2938 3157
2939 2995
2939 3141
2940 3170
2940 3224
2940 4025
2942 3171
2944 2981
2945 2946
2945 3132
2945 3201
2950 2951
2952 2998
2953 3036
2953 3266
2954 2955
2956 2957
2956 2958
2957 3095
2958 3264
2960 3064
2960 3110
2960 3122
2960 3149
2960 3162
2961 2962
2963 2964
2965 3067
2968 2969
2968 3012
2970 3105
2971 3133
2972 2979
2974 3053
2975 2976
2978 2984
2978 3204
2978 3268
2979 3192
2979 3193
2980 3055
2982 3004
2984 3233
2984 3236
2985 2986
2985 2991
2987 3108
2987 3154
2988 3123
2989 2991
2992 3197
2993 3198
2994 3119
2994 3120
2997 3246
2998 3212
2999 3198
2999 3231
3002 3003
3002 3144
3005 3126
3006 3009
3006 3057
3006 3158
3006 3222
3007 3008
3008 3248
3009 3210
3009 3222
3009 3270
3010 3166
3010 3265
3011 3239
3014 3015
3016 3017
3019 3174
3019 3214
3021 3175
3025 3072
3028 3049
3028 3050
3029 3123
3031 3129
3031 3130
3031 3285
3032 3102
3033 3103
3034 3035
3038 3042
3039 3277
3040 3106
3042 3043
3045 3046
3045 3076
3045 3138
3047 3048
3047 3074
3047 3136
3051 3099
3054 3198
3060 3129
3060 3130
3064 3110
3064 3149
3066 3160
3066 3187
3066 3203
3070 3071
3070 3085
3070 3168
3071 3074
3071 3090
3072 3087
3072 3138
3072 3202
3073 3074
3073 3082
3073 3167
3075 3076
3075 3084
3075 3086
3076 3089
3080 3117
3083 3102
3088 3103
3091 3102
3092 3103
3093 3128
3093 3129
3098 3282
3110 3149
3112 3118
3118 3145
3118 3247
3119 3120
3122 3162
3123 3250
3124 3129
3125 3129
3127 3131
3128 3129
3128 3130
3129 3130
3129 3150
3129 3285
3130 3285
3134 3135
3134 3271
3135 3271
3137 3138
3140 3157
3142 3285
3145 3247
3146 3181
3153 3251
3160 3187
3160 3203
3161 3175
3163 3198
3172 3287
3174 3214
3175 3195
3183 3190
3184 3189
3185 3188
3186 3187
3187 3203
3189 3284
3198 3231
3206 3278
3210 3270
3215 3253
3218 3219
3220 3273
3230 3267
3233 3236
3235 3252
3235 3267
3245 3280
3252 3267
3276 3277
3282 3283
3286 3287
3289 3291
3290 3292
3294 3412
3294 3489
3294 3594
3295 3296
3295 3335
3295 3389
3295 3553
3296 3315
3296 4862
3297 3298
3297 3326
3297 3434
3297 3507
3297 3569
3298 3311
3298 3327
3298 3334
3299 3300
3299 3539
3300 3315
3300 3330
3300 3441
3300 3442
3300 3559
3301 3447
3302 3447
3302 3623
3302 3709
3303 3451
3303 3632
3303 3673
3304 3469
3305 3469
3306 3469
3307 3468
3308 3345
3308 3421
3308 3470
3308 3471
3308 3541
3308 3628
3308 3653
3309 3475
3309 3581
3309 3597
3309 3655
3309 3693
3310 3311
3310 3465
3310 3466
3310 3646
3311 3334
3311 3358
3311 3461
3311 3478
3311 3479
3311 3485
3312 3313
3312 3456
3313 3322
3313 3334
3313 3337
3313 3352
3313 3360
3313 3485
3313 3594
3313 3633
3313 3698
3314 3315
3314 3694
3315 3436
3316 3356
3316 3611
3316 3626
3316 3657
3317 3318
3317 3367
3317 3484
3317 3537
3317 3558
3317 3621
3318 3337
3318 3353
3318 3393
3318 3394
3318 3422
3318 3725
3319 3474
3319 4865
3320 3419
3320 3498
3320 3574
3320 3575
3320 3678
3321 3361
3321 3543
3321 3547
3321 3548
3321 3608
3322 3329
3322 3472
3322 3633
3322 3699
3323 3324
3323 3455
3323 3669
3323 4831
3324 3332
3324 3346
3325 3343
3325 3565
3326 3573
3327 3577
3328 3329
3328 3714
3328 3741
3329 3562
3329 3743
3330 3366
3330 3467
3330 3473
3330 3499
3330 3559
3330 3583
3330 3587
3330 3588
3331 3332
3331 3581
3331 3582
3331 3706
3332 3436
3332 3698
3332 4604
3332 4832
3333 3334
3333 3617
3333 3723
3334 4877
3335 3630
3335 4760
3336 3337
3337 3352
3337 4656
3338 3350
3338 3430
3338 3629
3338 3673
3338 4866
3339 3635
3340 3644
3341 3343
3342 3343
3342 3530
3342 4876
3343 3414
3343 4877
3344 3574
3344 3575
3344 3584
3344 3639
3344 3640
3344 3648
3344 3649
3344 3660
3345 3473
3345 3648
3345 3649
3346 3404
3346 3623
3346 4889
3347 3361
3347 3710
3348 3349
3348 3350
3348 3403
3348 3662
3348 3679
3348 3730
3349 4884
3350 3664
3351 3674
3351 3675
3351 3689
3351 3701
3351 3702
3352 3562
3352 3599
3352 3672
3352 3674
3352 3675
3352 3690
3352 3703
3353 3362
3353 3363
3353 3366
3353 3613
3353 3653
3353 4583
3354 3424
3354 3487
3354 3564
3354 3656
3355 3356
3356 3433
3356 3438
3356 3570
3356 3602
3356 3639
3356 3715
3356 3716
3356 3717
3357 3358
3357 3591
3357 3684
3357 3723
3357 3724
3359 3360
3359 3396
3359 3726
3359 3727
3359 3728
3360 3467
3360 3726
3361 3362
3361 3731
3361 4678
3362 4679
3363 4477
3364 3476
3364 4510
3365 3580
3365 4571
3366 3717
3368 3369
3369 3370
3369 3371
3370 4876
3371 3524
3372 3517
3372 3568
3372 3609
3372 3622
3373 4879
3374 3432
3375 3432
3376 3432
3377 3433
3378 3481
3379 3380
3379 3381
3379 4479
3382 4851
3383 3741
3384 3563
3385 3592
3386 4851
3387 3446
3388 4879
3390 3581
3391 3691
3392 3695
3395 3710
3397 3657
3398 3657
3399 3626
3400 3566
3400 3676
3401 3402
3401 3535
3401 3610
3402 3403
3402 3555
3402 3687
3404 3748
3404 3749
3405 3457
3405 3683
3406 3659
3407 3411
3408 3411
3409 3412
3410 3412
3411 3412
3411 3667
3411 3678
3411 3713
3412 3518
3412 3520
3412 3677
3413 3469
3413 3627
3414 3685
3415 3503
3415 3552
3416 3469
3416 3660
3417 3418
3417 3431
3417 3432
3418 3432
3419 3566
3419 3677
3420 3628
3421 3533
3422 3672
3423 3529
3423 3554
3424 3426
3424 3427
3425 3427
3427 3601
3427 3734
3428 3609
3428 3624
3429 3430
3430 3620
3432 3611
3432 3696
3433 3696
3434 3658
3435 3530
3435 3565
3437 3486
3437 3568
3438 3666
3439 3528
3439 3589
3440 3591
3443 3445
3443 3615
3444 3741
3446 3448
3446 3449
3446 3738
3447 3738
3450 3546
3450 3711
3452 3616
3453 3498
3454 3455
3454 3647
3455 4846
3456 3622
3457 3458
3457 3459
3457 3664
3460 3466
3462 3463
3463 3464
3463 3466
3464 3465
3468 3469
3468 3503
3468 3504
3468 3528
3468 3621
3469 3470
3469 3471
3469 3480
3469 3527
3469 3592
3469 3593
3469 3614
3469 3615
3472 3599
3474 3545
3477 3711
3481 3482
3481 3700
3483 3537
3484 3740
3485 3486
3485 3685
3486 3487
3486 3568
3487 3488
3487 3561
3487 3734
3488 3680
3489 3499
3490 3546
3490 3738
3491 3492
3492 3676
3492 3728
3493 3651
3494 3497
3494 3500
3494 3501
3495 3500
3495 3502
3495 3735
3496 3501
3496 3502
3496 3736
3498 3500
3498 3501
3498 3502
3498 3526
3498 3627
3499 3516
3499 3628
3504 3551
3505 3697
3505 3733
3506 3507
3507 3617
3508 3511
3509 3514
3510 3512
3511 3513
3512 3513
3512 3514
3512 3564
3512 3739
3513 3561
3513 3565
3515 3551
3515 3552
3515 3701
3515 3702
3516 3743
3518 3521
3518 3585
3519 3667
3522 3558
3523 3572
3523 3740
3524 3624
3525 3526
3526 3638
3527 3666
3531 3532
3531 3704
3533 3671
3534 3707
3536 3718
3537 3704
3538 3539
3538 3747
3539 3742
3540 3655
3541 3725
3542 3605
3542 3654
3542 3668
3543 3563
3543 3718
3544 4863
3545 3557
3546 3618
3546 3619
3549 3613
3550 3707
3553 3693
3554 3676
3555 3652
3556 3606
3556 3610
3557 3709
3560 3580
3563 3745
3564 3565
3565 3656
3566 3676
3567 3720
3569 3578
3569 3732
3570 3589
3571 3602
3572 3602
3573 3590
3573 3658
3576 3590
3577 3578
3577 3579
3577 3719
3577 3732
3582 3655
3583 3613
3584 3626
3585 3586
3586 3727
3591 3625
3592 3616
3593 3663
3595 3727
3596 3728
3597 3598
3598 3694
3600 3629
3600 3720
3601 3739
3603 3720
3604 3606
3604 3661
3605 3612
3606 3607
3608 3710
3608 3737
3610 3662
3612 3670
3614 3663
3619 3650
3620 3706
3622 3733
3630 3742
3631 3632
3632 3723
3634 3684
3634 3723
3635 3636
3636 3722
3637 3638
3640 3657
3641 3642
3642 3679
3643 4886
3644 4629
3645 3646
3646 3723
3650 3670
3650 4886
3651 3652
3652 3664
3659 3687
3662 3683
3662 3744
3665 3727
3668 3746
3669 3746
3671 3703
3676 3700
3680 3681
3680 3682
3684 3686
3684 3723
3686 3724
3688 3729
3690 3699
3691 3692
3692 3693
3695 3696
3697 3698
3705 3706
3707 3708
3708 3709
3712 3713
3712 3714
3721 3738
3722 3723
3729 3730
3748 3749
3750 3779
3750 3933
3751 3763
3751 3768
3751 3794
3752 3763
3752 3794
3753 3774
3753 3805
3753 3937
3754 3755
3754 3756
3754 3775
3755 3785
3756 3779
3757 3758
3758 3793
3758 3931
3758 3932
3759 3760
3759 3793
3759 3884
3761 3762
3762 3785
3762 3789
3763 3765
3763 3789
3763 3927
3763 3933
3763 3936
3764 3766
3764 3767
3764 3790
3764 3947
3764 4200
3767 3802
3767 3839
3767 3939
3768 3839
3769 3839
3769 3944
3770 3771
3771 3783
3772 3773
3772 3784
3772 3826
3772 3848
3774 3796
3775 3798
3775 3864
3776 3777
3776 3778
3776 3793
3776 3810
3776 3922
3776 3923
3777 3798
3778 3798
3779 3944
3780 3782
3780 3817
3780 3852
3780 3856
3780 3872
3780 3894
3781 3782
3781 3791
3782 3786
3782 3799
3782 3802
3782 3871
3783 3871
3784 3785
3784 3786
3784 3837
3784 3842
3784 3843
3784 3869
3784 3880
3785 3786
3785 3798
3786 3788
3786 3799
3786 3906
3786 4200
3787 3788
3787 3858
3787 3887
3787 3892
3787 3897
3788 3790
3789 3896
3789 3936
3790 3896
3791 3938
3792 3793
3793 3823
3793 3923
3794 3795
3794 3905
3795 3796
3796 3803
3797 3798
3797 3800
3797 3855
3797 3877
3797 3878
3797 3888
3797 3917
3797 3935
3798 3801
3798 3938
3799 3940
3799 3941
3799 3942
3802 3919
3803 3804
3803 3805
3803 3929
3803 3937
3803 3945
3804 3939
3804 4200
3805 3929
3806 3864
3806 3865
3807 3808
3807 3839
3808 3845
3808 3902
3809 3876
3809 3895
3810 3858
3810 3922
3810 3931
3810 3946
3811 3812
3811 3822
3812 3832
3812 3865
3813 3814
3813 3844
3813 3899
3814 3839
3815 3832
3815 3909
3816 3820
3816 3822
3816 3850
3817 3818
3818 3890
3818 3891
3819 3881
3821 3897
3823 3824
3823 3882
3824 3894
3824 3913
3824 3914
3825 3826
3825 3843
3826 3904
3827 3864
3827 3909
3827 3919
3828 3829
3828 3857
3828 3945
3830 3831
3830 3838
3830 3896
3830 3901
3831 3833
3831 3896
3832 3850
3833 3834
3834 3920
3835 3836
3835 3851
3835 3856
3835 3864
3835 3880
3837 3908
3837 3919
3838 3896
3839 3840
3839 3841
3839 3845
3839 3863
3839 3907
3840 3924
3841 3844
3844 3845
3846 3873
3846 3874
3847 3848
3848 3860
3849 3896
3849 3921
3849 3928
3851 3852
3852 3864
3853 3854
3854 3857
3854 3862
3855 3889
3856 3913
3859 3860
3860 3869
3861 3903
3861 3904
3862 3915
3863 3902
3864 3865
3864 3908
3866 3867
3866 3905
3867 3905
3867 3907
3868 3873
3868 3896
3870 3871
3872 3916
3872 3917
3873 3896
3873 3912
3874 3875
3874 3930
3875 3896
3875 3904
3876 3879
3876 3893
3877 3878
3878 3917
3879 3905
3881 3926
3882 3883
3882 3917
3883 3918
3884 3911
3885 3886
3885 3905
3886 3905
3886 3915
3888 3889
3888 3891
3889 3910
3891 3910
3892 3903
3893 3939
3894 3916
3895 3905
3896 3901
3896 3920
3896 3921
3896 3928
3898 3899
3898 3924
3898 3934
3899 3919
3900 3901
3902 3926
3903 3904
3904 3928
3905 3906
3906 4200
3909 3926
3911 3918
3912 3919
3914 3923
3917 3918
3919 3934
3924 3925
3931 3932
3943 3944
3948 3974
3949 3957
3949 3979
3949 4013
3950 3951
3950 3999
3951 3976
3952 3976
3952 3981
3953 4041
3954 3984
3954 4001
3955 3967
3955 3996
3955 4063
3955 4065
3956 3970
3956 4056
3956 4057
3957 3958
3957 3964
3958 3966
3958 3980
3958 3990
3958 4009
3958 4032
3959 3960
3959 4000
3959 4017
3960 3980
3960 3998
3960 4009
3960 4012
3961 3963
3961 4024
3961 4035
3962 3963
3962 4046
3963 4005
3963 4048
3964 4000
3965 3966
3966 4003
3967 3986
3967 4042
3967 4064
3967 4065
3968 3970
3969 3970
3970 3972
3971 3972
3971 3973
3972 4030
3972 4073
3973 3993
3973 4006
3974 3985
3974 3996
3975 4079
3976 3995
3977 3980
3978 3980
3979 3980
3980 3981
3980 4021
3980 4028
3982 3984
3982 4039
3983 4036
3983 4068
3984 4001
3985 3986
3986 3987
3986 3988
3987 4079
3989 4007
3989 4049
3991 3992
3991 4026
3992 4004
3993 4013
3993 4014
3993 4022
3994 4034
3995 4069
3996 4066
3997 3998
3997 4017
3999 4051
4001 4002
4001 4021
4001 4030
4002 4031
4003 4021
4003 4048
4004 4035
4005 4037
4006 4029
4007 4008
4008 4050
4008 4057
4010 4019
4010 4038
4010 4047
4010 4080
4011 4037
4011 4048
4012 4018
4013 4029
4015 4030
4015 4039
4016 4026
4016 4034
4016 4059
4019 4038
4020 4021
4023 4035
4025 4027
4027 4034
4029 4030
4030 4032
4030 4033
4030 4081
4031 4032
4031 4040
4031 4042
4034 4035
4035 4058
4037 4039
4037 4040
4037 4081
4038 4039
4039 4081
4041 4042
4041 4050
4042 4043
4042 4044
4042 4067
4045 4046
4046 4047
4048 4081
4049 4050
4051 4054
4052 4053
4052 4054
4053 4070
4053 4071
4055 4056
4058 4059
4060 4061
4060 4062
4061 4064
4061 4066
4061 4072
4062 4063
4066 4067
4068 4069
4070 4106
4071 4106
4073 4074
4074 4075
4074 4076
4074 4077
4078 4079
4080 4081
4082 4087
4083 4085
4084 4085
4085 4087
4085 4091
4085 4100
4086 4087
4087 4091
4087 4163
4088 4167
4088 4173
4088 4219
4088 4268
4089 4090
4089 4300
4090 4188
4090 4189
4091 4122
4091 4161
4091 4218
4092 4093
4093 4117
4093 4190
4093 4209
4094 4103
4094 4286
4095 4153
4095 4280
4096 4106
4097 4107
4098 4137
4098 4201
4098 4223
4098 4246
4098 4247
4099 4148
4099 4282
4099 4283
4099 4284
4100 4111
4100 4173
4101 4102
4101 4242
4101 4245
4101 4261
4102 4207
4102 4228
4102 4318
4103 4152
4103 4306
4103 4307
4104 4105
4104 4153
4104 4226
4106 4107
4107 4108
4107 4110
4107 4145
4107 4148
4108 4185
4109 4110
4111 4122
4111 4139
4111 4157
4111 4244
4112 4113
4112 4174
4112 4202
4112 4222
4112 4269
4113 4214
4114 4115
4115 4149
4115 4150
4115 4321
4116 4173
4116 4188
4116 4212
4118 4119
4118 4240
4118 4241
4119 4125
4119 4155
4119 4160
4120 4121
4120 4164
4120 4286
4120 4459
4121 4165
4121 4180
4122 4144
4122 4151
4122 4203
4123 4125
4124 4125
4126 4129
4127 4129
4128 4129
4128 4253
4129 4187
4129 4202
4129 4222
4129 4318
4130 4324
4130 4325
4131 4132
4132 4197
4133 4134
4133 4157
4134 4212
4135 4136
4135 4139
4135 4159
4137 4223
4138 4139
4138 4158
4138 4239
4138 4260
4139 4155
4139 4163
4139 4225
4140 4152
4140 4176
4141 4144
4142 4144
4143 4144
4145 4147
4146 4147
4148 4152
4148 4172
4148 4205
4149 4326
4150 4174
4150 4327
4151 4203
4152 4153
4152 4210
4152 4213
4152 4216
4153 4164
4153 4166
4154 4155
4154 4254
4155 4157
4155 4160
4155 4194
4156 4157
4156 4243
4156 4250
4156 4259
4157 4195
4158 4224
4158 4229
4158 4230
4158 4234
4159 4163
4159 4231
4159 4232
4159 4233
4161 4207
4161 4218
4161 4270
4162 4163
4162 4252
4163 4173
4163 4194
4164 4165
4164 4217
4165 4175
4165 4180
4165 4208
4165 4220
4166 4289
4166 4290
4167 4182
4167 4189
4167 4209
4167 4215
4168 4169
4168 4170
4168 4197
4171 4172
4172 4205
4173 4194
4173 4195
4173 4219
4175 4208
4175 4318
4176 4177
4176 4281
4178 4180
4179 4180
4181 4183
4181 4188
4181 4197
4181 4291
4182 4211
4182 4296
4182 4297
4182 4298
4182 4299
4183 4184
4183 4227
4185 4186
4187 4301
4187 4318
4188 4189
4188 4197
4188 4204
4188 4212
4188 4219
4189 4285
4190 4215
4191 4194
4192 4194
4193 4194
4194 4235
4195 4219
4196 4197
4196 4255
4196 4258
4196 4267
4198 4200
4199 4200
4200 4203
4200 4207
4200 4228
4202 4222
4203 4305
4204 4236
4204 4237
4204 4257
4204 4262
4204 4263
4205 4287
4205 4288
4206 4219
4207 4208
4207 4218
4208 4214
4210 4309
4210 4310
4210 4311
4210 4312
4210 4313
4211 4314
4211 4315
4211 4316
4211 4317
4213 4306
4215 4265
4216 4217
4219 4220
4219 4302
4221 4222
4222 4223
4222 4318
4225 4271
4225 4272
4225 4273
4225 4274
4225 4275
4225 4276
4238 4244
4247 4248
4247 4249
4251 4266
4256 4265
4264 4265
4277 4280
4278 4280
4279 4280
4280 4292
4285 4322
4285 4323
4292 4293
4292 4294
4292 4295
4300 4319
4300 4320
4302 4303
4302 4304
4306 4308
4328 4343
4328 4376
4328 4388
4328 4393
4328 4411
4329 4332
4329 4347
4330 4332
4330 4378
4331 4402
4332 4408
4333 4336
4333 4337
4333 4341
4333 4348
4333 4382
4333 4386
4333 4392
4333 4399
4333 4401
4333 4403
4333 4414
4334 4341
4334 4356
4334 4358
4334 4360
4334 4384
4334 4392
4334 4396
4335 4336
4336 4348
4336 4382
4336 4399
4336 4403
4337 4343
4337 4346
4337 4347
4337 4348
4337 4362
4337 4374
4337 4382
4337 4396
4338 4387
4338 4403
4339 4343
4340 4341
4341 4358
4341 4396
4341 4401
4342 4375
4342 4377
4343 4346
4343 4366
4343 4369
4343 4376
4343 4405
4343 4412
4344 4346
4344 4362
4344 4374
4344 4400
4345 4353
4345 4385
4345 4386
4345 4402
4345 4409
4345 4414
4346 4347
4346 4348
4346 4362
4346 4366
4346 4369
4346 4374
4346 4382
4346 4396
4346 4407
4346 4410
4346 4420
4347 4358
4347 4361
4347 4378
4347 4382
4347 4408
4347 4418
4347 4419
4348 4382
4348 4399
4348 4403
4349 4418
4350 4403
4351 4352
4352 4360
4352 4417
4353 4364
4353 4375
4353 4377
4353 4382
4353 4385
4353 4393
4353 4399
4353 4402
4353 4409
4353 4414
4354 4378
4354 4397
4354 4413
4355 4405
4355 4411
4356 4392
4356 4404
4357 4358
4358 4378
4358 4408
4358 4418
4359 4360
4359 4365
4359 4417
4360 4365
4360 4372
4360 4373
4360 4381
4360 4384
4360 4389
4360 4417
4361 4410
4362 4373
4362 4374
4362 4396
4362 4406
4362 4407
4362 4419
4362 4420
4363 4364
4364 4370
4364 4371
4365 4372
4365 4373
4365 4374
4365 4384
4366 4369
4366 4373
4366 4374
4366 4400
4367 4368
4368 4369
4368 4375
4368 4377
4368 4393
4368 4405
4369 4376
4369 4405
4369 4412
4370 4375
4370 4393
4371 4375
4371 4393
4372 4373
4372 4381
4372 4398
4372 4417
4373 4374
4373 4392
4373 4396
4374 4396
4374 4397
4374 4406
4374 4413
4375 4377
4375 4385
4375 4393
4376 4382
4377 4385
4377 4393
4379 4416
4380 4381
4381 4417
4382 4399
4382 4403
4382 4409
4383 4398
4383 4400
4384 4392
4384 4396
4384 4404
4385 4386
4385 4387
4385 4393
4385 4402
4385 4403
4385 4409
4385 4414
4386 4414
4387 4403
4387 4416
4390 4392
4391 4392
4392 4396
4392 4397
4393 4402
4393 4411
4394 4396
4395 4397
4396 4397
4399 4403
4402 4403
4402 4409
4402 4414
4405 4411
4405 4415
4409 4414
4421 4422
4422 4436
4422 4437
4422 4443
4423 4425
4423 4433
4427 4431
4428 4430
4428 4444
4432 4434
4433 4436
4435 4436
4436 4437
4437 4440
4437 4443
4438 4440
4438 4442
4439 4440
4440 4442
4441 4442
4442 4443
4443 4444
4445 4459
4445 4463
4446 4449
4447 4462
4448 4449
4449 4459
4450 4463
4451 4463
4452 4455
4453 4455
4454 4456
4455 4459
4456 4457
4456 4459
4458 4459
4459 4460
4459 4464
4459 4465
4459 4466
4459 4467
4461 4462
4468 4486
4468 4554
4469 4486
4469 4614
4470 4508
4470 4527
4470 4603
4470 4627
4470 4797
4471 4640
4471 4677
4471 4767
4472 4476
4472 4591
4473 4672
4474 4475
4474 4509
4474 4606
4474 4618
4474 4647
4475 4477
4475 4653
4475 4868
4476 4560
4477 4478
4477 4629
4477 4663
4477 4679
4478 4575
4478 4833
4479 4480
4479 4486
4480 4656
4481 4482
4481 4486
4482 4656
4483 4484
4483 4591
4483 4773
4484 4502
4484 4877
4485 4541
4485 4689
4486 4497
4486 4531
4486 4602
4487 4488
4487 4534
4487 4551
4488 4589
4488 4704
4489 4530
4489 4563
4490 4510
4490 4611
4491 4501
4491 4649
4492 4493
4492 4581
4492 4585
4492 4670
4493 4544
4493 4583
4494 4511
4494 4617
4494 4661
4494 4798
4495 4597
4495 4703
4496 4554
4496 4660
4497 4768
4498 4548
4498 4607
4498 4799
4499 4500
4499 4501
4500 4675
4501 4502
4501 4765
4501 4766
4503 4504
4504 4562
4504 4618
4505 4523
4505 4590
4506 4507
4506 4601
4507 4547
4507 4661
4508 4536
4509 4543
4509 4576
4509 4637
4510 4665
4511 4627
4512 4644
4512 4703
4513 4519
4513 4608
4513 4614
4513 4697
4514 4515
4514 4582
4514 4599
4516 4586
4516 4670
4517 4518
4517 4555
4517 4615
4518 4662
4519 4692
4519 4779
4519 4783
4520 4521
4520 4598
4521 4522
4521 4593
4521 4621
4521 4700
4521 4801
4521 4802
4521 4803
4523 4555
4523 4621
4523 4769
4524 4546
4524 4655
4525 4580
4525 4660
4526 4687
4526 4760
4527 4804
4527 4805
4528 4529
4529 4546
4529 4677
4530 4768
4531 4688
4532 4543
4532 4612
4532 4651
4533 4597
4533 4652
4533 4827
4534 4548
4535 4536
4535 4542
4535 4619
4535 4674
4535 4723
4537 4632
4538 4568
4538 4687
4538 4862
4538 4867
4539 4598
4539 4772
4539 4806
4539 4807
4539 4808
4540 4764
4540 4809
4540 4810
4541 4589
4541 4790
4542 4652
4542 4817
4543 4676
4543 4800
4544 4663
4545 4580
4547 4701
4548 4607
4549 4550
4549 4639
4550 4577
4550 4649
4551 4625
4552 4585
4552 4587
4553 4628
4553 4653
4553 4720
4554 4569
4555 4667
4555 4702
4556 4580
4556 4593
4557 4649
4557 4671
4558 4562
4558 4644
4559 4701
4561 4623
4561 4678
4562 4812
4563 4613
4563 4623
4563 4680
4564 4685
4565 4566
4565 4603
4565 4814
4565 4815
4565 4816
4566 4603
4566 4641
4567 4568
4567 4764
4568 4668
4569 4680
4570 4638
4570 4652
4571 4572
4571 4615
4571 4622
4571 4762
4572 4629
4573 4574
4574 4575
4574 4653
4575 4595
4575 4596
4575 4657
4576 4821
4578 4622
4578 4662
4579 4723
4580 4599
4582 4583
4582 4660
4584 4623
4584 4624
4586 4588
4586 4590
4587 4590
4589 4695
4589 4789
4591 4658
4592 4666
4592 4724
4593 4636
4594 4612
4600 4821
4601 4625
4602 4655
4603 4612
4603 4642
4603 4821
4605 4606
4606 4620
4607 4704
4608 4609
4608 4631
4609 4645
4609 4656
4609 4691
4610 4687
4610 4774
4611 4637
4616 4644
4616 4655
4617 4684
4617 4792
4620 4626
4620 4638
4621 4777
4622 4634
4627 4787
4628 4650
4628 4734
4629 4663
4630 4654
4631 4673
4633 4744
4634 4665
4635 4684
4638 4643
4640 4690
4641 4642
4641 4822
4642 4646
4644 4645
4645 4653
4646 4669
4647 4676
4648 4675
4650 4740
4650 4751
4650 4754
4652 4653
4652 4724
4652 4827
4654 4655
4656 4657
4658 4688
4659 4661
4659 4701
4661 4689
4662 4663
4664 4665
4668 4687
4668 4780
4671 4690
4671 4828
4672 4675
4673 4677
4674 4824
4676 4800
4678 4679
4678 4685
4681 4827
4682 4772
4682 4826
4683 4684
4686 4687
4686 4772
4690 4691
4690 4692
4692 4782
4693 4695
4694 4696
4695 4696
4696 4928
4698 4700
4698 4819
4699 4700
4704 4794
4705 4712
4705 4747
4706 4715
4706 4746
4707 4717
4707 4720
4708 4714
4708 4717
4709 4729
4709 4730
4709 4734
4709 4747
4709 4753
4710 4729
4710 4730
4711 4715
4711 4725
4712 4736
4713 4728
4713 4729
4714 4733
4716 4728
4716 4752
4718 4721
4718 4729
4719 4732
4719 4738
4720 4733
4721 4737
4722 4740
4722 4752
4722 4756
4723 4724
4725 4736
4726 4728
4726 4755
4727 4750
4727 4757
4727 4785
4728 4737
4728 4775
4728 4776
4729 4749
4731 4749
4731 4752
4732 4739
4734 4741
4734 4746
4734 4758
4735 4739
4735 4745
4738 4740
4740 4743
4741 4748
4742 4743
4742 4748
4745 4752
4750 4755
4750 4785
4751 4752
4754 4755
4756 4759
4756 4813
4761 4762
4762 4778
4763 4769
4768 4770
4770 4771
4780 4781
4781 4825
4783 4828
4784 4785
4786 4787
4788 4795
4789 4793
4791 4792
4793 4794
4793 4796
4794 4795
4799 4823
4811 4824
4817 4818
4820 4821
4829 4867
4829 4885
4829 4898
4830 4867
4830 4875
4831 4832
4831 4846
4832 4900
4833 4838
4833 4842
4833 4890
4834 4897
4834 4899
4835 4848
4835 4917
4835 4924
4836 4837
4837 4838
4837 4850
4837 4885
4837 4898
4839 4882
4839 4891
4839 4905
4840 4904
4840 4905
4841 4842
4841 4843
4841 4844
4841 4868
4842 4845
4842 4888
4847 4849
4848 4849
4848 4879
4849 4874
4849 4884
4849 4901
4851 4909
4851 4910
4851 4923
4852 4856
4852 4893
4853 4861
4853 4883
4854 4855
4855 4898
4857 4860
4857 4872
4858 4860
4859 4861
4860 4861
4862 4868
4863 4864
4863 4879
4864 4878
4865 4880
4865 4888
4866 4924
4867 4868
4868 4869
4868 4870
4868 4926
4871 4881
4871 4914
4872 4894
4873 4874
4873 4891
4873 4906
4873 4918
4874 4892
4875 4885
4875 4886
4876 4877
4877 4884
4878 4886
4879 4880
4879 4882
4879 4915
4879 4921
4879 4925
4880 4903
4881 4901
4881 4916
4886 4887
4887 4888
4887 4889
4888 4890
4889 4890
4889 4901
4892 4894
4893 4894
4894 4895
4896 4926
4897 4927
4899 4900
4899 4927
4900 4926
4902 4903
4902 4908
4902 4910
4902 4922
4904 4906
4907 4908
4907 4909
4909 4920
4911 4915
4911 4925
4912 4922
4913 4924
4914 4919
4918 4923
4919 4925
4928 4929
4929 4930
4930 4939
4931 4932
4931 4938
4933 4935
4933 4936
4934 4935
4934 4940
4936 4938
4937 4939
4940 4941
